45
0 150 154 293 119 119 152 193 161 183 139 123 151 160 277 148 223 218 183 168 167 111 207 185 173 161 161 170 150 189 152 136 209 196 159 168 141 140 176 145 159 176 193 182 105 
150 0 14 156 49 51 16 92 81 33 11 68 1 62 210 44 88 100 69 40 39 59 72 44 33 11 33 26 22 61 58 68 59 68 19 27 13 12 72 63 51 26 53 47 63 
154 14 0 170 35 65 2 106 67 47 25 82 15 76 196 58 74 114 55 54 53 73 58 58 19 25 47 40 36 75 72 82 73 82 5 41 27 26 86 63 65 40 39 33 49 
293 156 170 0 205 190 172 248 232 189 167 194 155 218 75 145 243 230 222 196 195 182 227 200 189 167 189 157 178 187 214 207 215 224 174 183 169 168 173 219 207 182 209 202 219 
119 49 35 205 0 100 33 141 102 82 60 117 50 69 231 93 109 149 90 89 88 108 93 93 54 60 82 75 71 110 107 117 108 117 40 76 62 61 121 54 100 75 74 68 14 
119 51 65 190 100 0 67 74 58 84 40 20 52 91 174 45 121 99 80 69 64 8 105 84 84 62 62 67 49 87 109 17 110 93 70 67 38 39 73 92 102 77 96 80 114 
152 16 2 172 33 67 0 108 69 49 27 84 17 78 198 60 76 116 57 56 55 75 60 60 21 27 49 42 38 77 74 84 75 84 7 43 29 28 88 65 67 42 41 35 47 
193 92 106 248 141 74 108 0 132 125 94 94 93 145 225 119 88 173 154 123 112 82 104 82 125 103 116 118 103 144 150 91 133 83 111 65 94 93 147 146 143 118 145 129 155 
161 81 67 232 102 58 69 132 0 114 92 62 82 143 216 87 90 157 122 121 120 50 106 125 86 92 114 107 103 129 93 75 135 149 72 108 94 93 115 130 100 107 106 100 116 
183 33 47 189 82 84 49 125 114 0 44 101 34 77 243 77 121 133 102 73 72 92 105 77 66 44 66 59 55 94 91 101 92 101 52 60 46 45 105 96 84 7 86 80 96 
139 11 25 167 60 40 27 94 92 44 0 57 12 51 213 55 85 89 80 29 28 48 69 46 44 22 22 37 11 50 69 57 70 57 30 29 2 1 83 52 62 37 64 44 74 
123 68 82 194 117 20 84 94 62 101 57 0 69 108 178 49 141 119 84 86 84 12 125 103 101 79 79 71 68 91 118 37 127 113 87 86 58 58 77 109 111 94 100 100 131 
151 1 15 155 50 52 17 93 82 34 12 69 0 63 211 43 88 101 70 41 40 60 72 45 34 12 34 27 23 62 59 69 60 69 19 28 14 13 71 64 52 27 54 47 64 
160 62 76 218 69 91 78 145 143 77 51 108 63 0 254 106 136 140 107 22 79 99 120 97 95 73 73 88 62 101 120 108 97 108 81 80 53 52 134 95 113 70 115 95 55 
277 210 196 75 231 174 198 225 216 243 213 178 211 254 0 182 270 254 147 232 238 166 254 167 183 218 235 218 222 224 185 191 229 249 201 184 212 212 210 227 178 236 163 229 245 
148 44 58 145 93 45 60 119 87 77 55 49 43 106 182 0 104 85 109 84 83 37 88 88 77 55 77 70 66 42 102 62 103 112 62 71 57 56 28 107 95 70 97 90 107 
223 88 74 243 109 121 76 88 90 121 85 141 88 136 270 104 0 150 129 114 109 129 16 129 93 99 107 114 94 107 138 138 45 138 69 112 83 84 76 131 139 114 113 41 123 
218 100 114 230 149 99 116 173 157 133 89 119 101 140 254 85 150 0 152 118 114 107 134 133 133 111 111 126 98 43 158 82 159 143 119 116 88 88 113 141 151 126 153 130 163 
183 69 55 222 90 80 57 154 122 102 80 84 70 107 147 109 129 152 0 85 108 72 113 113 36 71 92 71 91 130 38 70 128 102 60 96 82 81 137 80 31 95 16 88 104 
168 40 54 196 89 69 56 123 121 73 29 86 41 22 232 84 114 118 85 0 57 77 98 75 73 51 51 66 40 79 98 86 75 86 59 58 31 30 112 81 91 66 93 73 77 
167 39 53 195 88 64 55 112 120 72 28 84 40 79 238 83 109 114 108 57 0 72 93 72 72 50 50 65 37 78 97 81 98 29 58 55 26 27 111 80 90 65 92 68 102 
111 59 73 182 108 8 75 82 50 92 48 12 60 99 166 37 129 107 72 77 72 0 113 92 92 70 70 59 57 79 106 25 118 101 78 75 46 47 65 100 99 85 88 88 122 
207 72 58 227 93 105 60 104 106 105 69 125 72 120 254 88 16 134 113 98 93 113 0 113 77 83 91 98 78 91 130 122 29 122 53 96 67 68 60 121 123 98 97 25 107 
185 44 58 200 93 84 60 82 125 77 46 103 45 97 167 88 129 133 113 75 72 92 113 0 77 55 68 70 55 96 102 101 103 101 63 17 46 45 116 98 95 70 97 88 107 
173 33 19 189 54 84 21 125 86 66 44 101 34 95 183 77 93 133 36 73 72 92 77 77 0 44 56 35 55 94 57 101 92 101 24 60 46 45 105 44 64 59 20 52 68 
161 11 25 167 60 62 27 103 92 44 22 79 12 73 218 55 99 111 71 51 50 70 83 55 44 0 44 37 33 72 47 79 70 79 30 38 24 23 83 74 40 37 64 58 74 
161 33 47 189 82 62 49 116 114 66 22 79 34 73 235 77 107 111 92 51 50 70 91 68 56 44 0 59 33 72 91 79 92 79 52 51 24 23 105 74 84 59 76 66 96 
170 26 40 157 75 67 42 118 107 59 37 71 27 88 218 70 114 126 71 66 65 59 98 70 35 37 59 0 48 87 84 84 85 94 45 53 39 38 98 79 77 52 55 73 89 
150 22 36 178 71 49 38 103 103 55 11 68 23 62 222 66 94 98 91 40 37 57 78 55 55 33 33 48 0 61 80 66 81 66 41 38 11 10 94 63 73 48 75 53 85 
189 61 75 187 110 87 77 144 129 94 50 91 62 101 224 42 107 43 130 79 78 79 91 96 94 72 72 87 61 0 119 104 120 107 80 79 52 51 70 102 112 87 114 94 124 
152 58 72 214 107 109 74 150 93 91 69 118 59 120 185 102 138 158 38 98 97 106 130 102 57 47 91 84 80 119 0 108 117 126 77 85 71 70 130 101 7 84 54 105 121 
136 68 82 207 117 17 84 91 75 101 57 37 69 108 191 62 138 82 70 86 81 25 122 101 101 79 79 84 66 104 108 0 127 110 87 84 55 56 90 109 101 94 86 97 131 
209 59 73 215 108 110 75 133 135 92 70 127 60 97 229 103 45 159 128 75 98 118 29 103 92 70 92 85 81 120 117 127 0 127 78 86 72 71 89 122 110 85 112 54 122 
196 68 82 224 117 93 84 83 149 101 57 113 69 108 249 112 138 143 102 86 29 101 122 101 101 79 79 94 66 107 126 110 127 0 87 84 55 56 140 109 119 94 118 97 131 
159 19 5 174 40 70 7 111 72 52 30 87 19 81 201 62 69 119 60 59 58 78 53 63 24 30 52 45 41 80 77 87 78 87 0 46 32 31 90 68 70 45 44 28 54 
168 27 41 183 76 67 43 65 108 60 29 86 28 80 184 71 112 116 96 58 55 75 96 17 60 38 51 53 38 79 85 84 86 84 46 0 29 28 99 81 78 53 80 71 90 
141 13 27 169 62 38 29 94 94 46 2 58 14 53 212 57 83 88 82 31 26 46 67 46 46 24 24 39 11 52 71 55 72 55 32 29 0 1 85 54 64 39 66 42 76 
140 12 26 168 61 39 28 93 93 45 1 58 13 52 212 56 84 88 81 30 27 47 68 45 45 23 23 38 10 51 70 56 71 56 31 28 1 0 84 53 63 38 65 43 75 
176 72 86 173 121 73 88 147 115 105 83 77 71 134 210 28 76 113 137 112 111 65 60 116 105 83 105 98 94 70 130 90 89 140 90 99 85 84 0 135 123 98 125 85 135 
145 63 63 219 54 92 65 146 130 96 52 109 64 95 227 107 131 141 80 81 80 100 121 98 44 74 74 79 63 102 101 109 122 109 68 81 54 53 135 0 108 89 64 96 40 
159 51 65 207 100 102 67 143 100 84 62 111 52 113 178 95 139 151 31 91 90 99 123 95 64 40 84 77 73 112 7 101 110 119 70 78 64 63 123 108 0 77 47 98 114 
176 26 40 182 75 77 42 118 107 7 37 94 27 70 236 70 114 126 95 66 65 85 98 70 59 37 59 52 48 87 84 94 85 94 45 53 39 38 98 89 77 0 79 73 89 
193 53 39 209 74 96 41 145 106 86 64 100 54 115 163 97 113 153 16 93 92 88 97 97 20 64 76 55 75 114 54 86 112 118 44 80 66 65 125 64 47 79 0 72 88 
182 47 33 202 68 80 35 129 100 80 44 100 47 95 229 90 41 130 88 73 68 88 25 88 52 58 66 73 53 94 105 97 54 97 28 71 42 43 85 96 98 73 72 0 82 
105 63 49 219 14 114 47 155 116 96 74 131 64 55 245 107 123 163 104 77 102 122 107 107 68 74 96 89 85 124 121 131 122 131 54 90 76 75 135 40 114 89 88 82 0 
41
52
63
61
68
82
78
25
46
69
5
87
8
39
21
22
4
92
70
23
100
47
92
20
62
76
47
59
70
89
37
62
70
76
27
96
68
73
36
65
95
51
92
42
