10
0 137 413 90 275 270 82 189 99 134 
137 0 352 92 277 133 84 191 38 187 
413 352 0 421 262 428 429 536 314 487 
90 92 421 0 201 225 8 115 130 95 
275 277 262 201 0 410 193 300 315 255 
270 133 428 225 410 0 217 324 171 320 
82 84 429 8 193 217 0 107 122 103 
189 191 536 115 300 324 107 0 229 210 
99 38 314 130 315 171 122 229 0 225 
134 187 487 95 255 320 103 210 225 0 
83
30
78
10
27
90
26
50
30
