30
0 134 194 200 112 293 224 339 46 159 268 297 186 242 165 266 66 117 296 247 280 113 154 246 161 208 175 167 248 138 
134 0 67 66 137 165 123 276 156 32 172 163 254 267 38 132 68 148 223 120 146 162 20 234 27 225 74 33 114 187 
194 67 0 133 204 99 153 286 223 35 239 201 321 311 41 199 135 207 226 53 213 165 87 237 94 158 141 100 138 190 
200 66 133 0 149 177 135 288 168 98 184 175 266 279 104 144 134 160 289 186 158 190 46 300 39 284 86 45 48 215 
112 137 204 149 0 236 112 328 158 169 243 206 298 130 175 203 178 11 348 257 189 41 117 174 110 175 63 104 169 66 
293 165 99 177 236 0 222 187 255 134 244 262 326 304 140 204 233 247 325 46 245 261 145 162 138 151 173 132 225 270 
224 123 153 135 112 222 0 254 213 155 229 94 311 242 161 189 191 123 263 204 77 153 103 286 96 184 49 90 183 178 
339 276 286 288 328 187 254 0 366 308 382 230 464 328 314 342 273 339 386 233 247 369 256 349 249 338 284 243 336 394 
46 156 223 168 158 255 213 366 0 188 262 253 232 288 194 222 112 163 250 267 236 159 136 292 129 162 164 123 216 184 
159 32 35 98 169 134 155 308 188 0 204 166 286 299 6 164 100 180 191 88 178 130 52 202 59 193 106 65 146 155 
268 172 239 184 243 244 229 382 262 204 0 260 82 373 210 40 240 248 225 290 252 271 152 138 145 350 180 139 232 246 
297 163 201 175 206 262 94 230 253 166 260 0 342 336 172 220 231 217 333 248 17 247 143 300 136 143 143 130 223 272 
186 254 321 266 298 326 311 464 232 286 82 342 0 428 292 122 252 303 307 372 334 282 234 220 227 394 262 221 314 257 
242 267 311 279 130 304 242 328 288 299 373 336 428 0 305 333 308 141 478 258 319 171 247 304 240 305 193 234 299 196 
165 38 41 104 175 140 161 314 194 6 210 172 292 305 0 170 106 186 197 94 184 136 58 196 65 199 112 71 152 161 
266 132 199 144 203 204 189 342 222 164 40 220 122 333 170 0 200 208 265 250 212 244 112 178 105 338 140 99 192 269 
66 68 135 134 178 233 191 273 112 100 240 231 252 308 106 200 0 183 291 188 214 179 88 302 95 274 142 101 182 204 
117 148 207 160 11 247 123 339 163 180 248 217 303 141 186 208 183 0 354 260 200 52 128 185 121 164 74 115 180 77 
296 223 226 289 348 325 263 386 250 191 225 333 307 478 197 265 291 354 0 279 316 307 243 363 250 190 297 256 337 332 
247 120 53 186 257 46 204 233 267 88 290 248 372 258 94 250 188 260 279 0 231 218 140 208 147 105 194 153 191 243 
280 146 213 158 189 245 77 247 236 178 252 17 334 319 184 212 214 200 316 231 0 230 126 283 119 126 126 113 206 255 
113 162 165 190 41 261 153 369 159 130 271 247 282 171 136 244 179 52 307 218 230 0 158 133 151 216 104 145 210 25 
154 20 87 46 117 145 103 256 136 52 152 143 234 247 58 112 88 128 243 140 126 158 0 254 7 245 54 13 94 183 
246 234 237 300 174 162 286 349 292 202 138 300 220 304 196 178 302 185 363 208 283 133 254 0 261 313 237 267 343 108 
161 27 94 39 110 138 96 249 129 59 145 136 227 240 65 105 95 121 250 147 119 151 7 261 0 245 47 6 87 176 
208 225 158 284 175 151 184 338 162 193 350 143 394 305 199 338 274 164 190 105 126 216 245 313 245 0 233 239 296 241 
175 74 141 86 63 173 49 284 164 106 180 143 262 193 112 140 142 74 297 194 126 104 54 237 47 233 0 41 134 129 
167 33 100 45 104 132 90 243 123 65 139 130 221 234 71 99 101 115 256 153 113 145 13 267 6 239 41 0 93 170 
248 114 138 48 169 225 183 336 216 146 232 223 314 299 152 192 182 180 337 191 206 210 94 343 87 296 134 93 0 235 
138 187 190 215 66 270 178 394 184 155 246 272 257 196 161 269 204 77 332 243 255 25 183 108 176 241 129 170 235 0 
94
7
92
70
45
44
8
77
86
98
72
48
45
54
5
1
82
87
64
29
20
7
44
41
81
52
9
44
98
