22
0 184 183 246 147 207 345 159 279 140 185 317 304 137 178 345 373 305 278 268 335 179 
184 0 318 62 314 372 186 243 123 324 316 199 154 321 323 195 235 335 182 263 169 363 
183 318 0 256 56 64 179 250 246 49 2 134 216 46 5 228 230 214 187 256 164 46 
246 62 256 0 312 316 191 305 185 305 254 137 216 302 261 231 173 340 164 268 107 302 
147 314 56 312 0 120 229 305 191 10 58 190 160 10 51 201 274 175 151 292 208 49 
207 372 64 316 120 0 239 310 249 113 62 194 218 110 69 259 290 278 251 316 224 110 
345 186 179 191 229 239 0 343 223 222 177 278 254 219 178 295 182 149 282 77 248 219 
159 243 250 305 305 310 343 0 120 299 248 214 145 296 255 186 287 383 179 266 236 296 
279 123 246 185 191 249 223 120 0 201 248 146 31 200 241 72 182 263 59 146 116 240 
140 324 49 305 10 113 222 299 201 0 51 183 170 3 44 211 267 165 144 282 201 39 
185 316 2 254 58 62 177 248 248 51 0 132 218 48 7 226 228 216 189 254 162 48 
317 199 134 137 190 194 278 214 146 183 132 0 135 180 139 94 96 318 87 201 30 180 
304 154 216 216 160 218 254 145 31 170 218 135 0 170 211 41 213 294 90 177 147 209 
137 321 46 302 10 110 219 296 200 3 48 180 170 0 41 211 264 168 141 285 198 42 
178 323 5 261 51 69 178 255 241 44 7 139 211 41 0 233 235 209 182 255 169 41 
345 195 228 231 201 259 295 186 72 211 226 94 41 211 233 0 190 335 127 218 124 250 
373 235 230 173 274 290 182 287 182 267 228 96 213 264 235 190 0 222 123 105 66 276 
305 335 214 340 175 278 149 383 263 165 216 318 294 168 209 335 222 0 309 117 288 204 
278 182 187 164 151 251 282 179 59 144 189 87 90 141 182 127 123 309 0 205 57 183 
268 263 256 268 292 316 77 266 146 282 254 201 177 285 255 218 105 117 205 0 171 296 
335 169 164 107 208 224 248 236 116 201 162 30 147 198 169 124 66 288 57 171 0 210 
179 363 46 302 49 110 219 296 240 39 48 180 209 42 41 250 276 204 183 296 210 0 
11
67
97
30
87
19
85
8
44
99
18
23
35
25
15
49
9
40
26
12
98
