15
0 214 241 309 147 302 111 195 204 201 253 120 73 350 87 
214 0 65 221 206 245 122 19 197 13 79 113 258 136 241 
241 65 0 286 233 269 182 46 262 52 118 178 314 201 176 
309 221 286 0 286 263 198 240 273 234 300 189 332 85 396 
147 206 233 286 0 425 252 187 345 193 259 261 220 342 234 
302 245 269 263 425 0 367 238 442 232 298 358 375 178 389 
111 122 182 198 252 367 0 141 93 135 142 9 154 255 198 
195 19 46 240 187 238 141 0 216 6 72 132 268 155 222 
204 197 262 273 345 442 93 216 0 210 181 84 229 333 291 
201 13 52 234 193 232 135 6 210 0 66 126 271 149 228 
253 79 118 300 259 298 142 72 181 66 0 133 278 215 294 
120 113 178 189 261 358 9 132 84 126 133 0 145 249 207 
73 258 314 332 220 375 154 268 229 271 278 145 0 342 160 
350 136 201 85 342 178 255 155 333 149 215 249 342 0 377 
87 241 176 396 234 389 198 222 291 228 294 207 160 377 0 
11
6
81
39
76
36
43
65
48
59
98
14
15
72
