35
0 83 120 84 137 107 152 122 118 98 97 133 187 177 90 90 118 180 35 107 157 69 69 96 35 65 139 127 74 141 101 72 97 48 95 
83 0 128 86 75 29 80 158 40 26 43 67 133 118 39 7 101 129 118 24 126 14 71 79 50 80 65 122 15 110 23 13 73 42 71 
120 128 0 103 175 157 208 102 134 154 146 182 227 241 154 135 113 244 155 152 137 139 118 91 99 106 146 128 138 130 151 136 146 86 144 
84 86 103 0 83 78 129 142 55 75 43 79 148 151 104 84 34 194 119 101 128 100 15 12 49 79 67 104 83 80 72 81 43 62 41 
137 75 175 83 0 90 141 190 101 87 96 80 194 193 100 68 117 190 172 85 187 89 68 95 102 132 126 86 90 84 84 88 40 115 42 
107 29 157 78 90 0 63 174 23 9 72 82 116 147 54 22 88 133 142 39 139 38 80 66 79 109 80 151 44 93 6 42 56 71 54 
152 80 208 129 141 63 0 225 74 54 113 133 167 198 105 73 139 178 187 90 190 83 131 117 130 160 131 192 95 144 57 93 107 122 105 
122 158 102 142 190 174 225 0 151 171 185 186 244 276 186 154 108 276 157 137 35 172 157 130 157 143 96 222 173 157 168 171 150 163 148 
118 40 134 55 101 23 74 151 0 20 83 93 93 158 65 33 65 144 153 50 116 49 70 43 90 120 91 135 55 104 17 53 67 82 65 
98 26 154 75 87 9 54 171 20 0 69 79 113 144 51 19 85 124 133 36 136 29 77 63 76 106 77 148 41 90 3 39 53 68 51 
97 43 146 43 96 72 113 185 83 69 0 92 176 143 82 50 77 172 132 67 169 57 28 55 62 92 108 79 40 91 66 38 56 75 54 
133 67 182 79 80 82 133 186 93 79 92 0 186 185 92 60 88 182 168 77 179 81 64 91 98 128 118 166 82 84 76 80 40 109 38 
187 133 227 148 194 116 167 244 93 113 176 186 0 251 158 126 158 237 222 143 209 142 163 136 152 182 184 228 148 197 110 146 160 165 158 
177 118 241 151 193 147 198 276 158 144 143 185 251 0 157 125 185 247 212 142 244 132 136 163 142 172 183 222 107 208 141 105 164 155 162 
90 39 154 104 100 54 105 186 65 51 82 92 158 157 0 32 126 90 125 49 151 53 89 104 55 85 90 147 54 135 48 52 98 68 96 
90 7 135 84 68 22 73 154 33 19 50 60 126 125 32 0 94 122 125 17 119 21 78 72 57 87 58 129 22 103 16 20 66 49 64 
118 101 113 34 117 88 139 108 65 85 77 88 158 185 126 94 0 209 153 111 138 114 49 22 83 113 77 114 116 114 82 114 77 96 75 
180 129 244 194 190 133 178 276 144 124 172 182 237 247 90 122 209 0 215 139 241 143 179 187 145 175 180 148 144 214 127 142 177 158 175 
35 118 155 119 172 142 187 157 153 133 132 168 222 212 125 125 153 215 0 142 190 104 104 131 70 100 174 162 109 176 136 107 132 83 130 
107 24 152 101 85 39 90 137 50 36 67 77 143 142 49 17 111 139 142 0 102 38 95 89 74 104 41 146 39 120 33 37 83 66 81 
157 126 137 128 187 139 190 35 116 136 169 179 209 244 151 119 138 241 190 102 0 140 143 116 138 108 61 208 141 122 133 139 166 151 168 
69 14 139 100 89 38 83 172 49 29 57 81 142 132 53 21 114 143 104 38 140 0 85 92 64 94 79 136 29 119 32 27 82 56 80 
69 71 118 15 68 80 131 157 70 77 28 64 163 136 89 78 49 179 104 95 143 85 0 27 34 64 82 107 68 72 74 66 28 47 26 
96 79 91 12 95 66 117 130 43 63 55 91 136 163 104 72 22 187 131 89 116 92 27 0 61 91 55 92 94 92 60 92 55 74 53 
35 50 99 49 102 79 130 157 90 76 62 98 152 142 55 57 83 145 70 74 138 64 34 61 0 30 104 92 39 106 73 37 62 13 60 
65 80 106 79 132 109 160 143 120 106 92 128 182 172 85 87 113 175 100 104 108 94 64 91 30 0 134 122 69 136 103 67 92 43 90 
139 65 146 67 126 80 131 96 91 77 108 118 184 183 90 58 77 180 174 41 61 79 82 55 104 134 0 147 80 147 74 78 110 107 108 
127 122 128 104 86 151 192 222 135 148 79 166 228 222 147 129 114 148 162 146 208 136 107 92 92 122 147 0 119 170 145 117 126 105 128 
74 15 138 83 90 44 95 173 55 41 40 82 148 107 54 22 116 144 109 39 141 29 68 94 39 69 80 119 0 125 38 2 88 52 86 
141 110 130 80 84 93 144 157 104 90 91 84 197 208 135 103 114 214 176 120 122 119 72 92 106 136 147 170 125 0 87 123 44 119 46 
101 23 151 72 84 6 57 168 17 3 66 76 110 141 48 16 82 127 136 33 133 32 74 60 73 103 74 145 38 87 0 36 50 65 48 
72 13 136 81 88 42 93 171 53 39 38 80 146 105 52 20 114 142 107 37 139 27 66 92 37 67 78 117 2 123 36 0 86 50 84 
97 73 146 43 40 56 107 150 67 53 56 40 160 164 98 66 77 177 132 83 166 82 28 55 62 92 110 126 88 44 50 86 0 75 2 
48 42 86 62 115 71 122 163 82 68 75 109 165 155 68 49 96 158 83 66 151 56 47 74 13 43 107 105 52 119 65 50 75 0 73 
95 71 144 41 42 54 105 148 65 51 54 38 158 162 96 64 75 175 130 81 168 80 26 53 60 90 108 128 86 46 48 84 2 73 0 
25
86
20
37
55
88
63
59
36
82
94
54
83
29
6
28
60
25
97
79
90
80
85
68
54
100
15
31
7
95
19
11
56
9
