25
0 186 101 165 16 82 111 135 156 140 48 141 73 171 87 133 136 169 93 110 214 104 13 190 97 
186 0 275 136 190 124 258 177 134 46 228 183 159 142 99 175 176 211 222 202 266 146 193 337 139 
101 275 0 196 85 151 212 210 187 229 123 210 174 202 188 228 211 238 168 185 289 173 88 178 166 
165 136 196 0 172 106 225 144 9 97 210 165 110 6 78 50 143 193 204 169 181 84 175 304 121 
16 190 85 172 0 66 127 125 172 144 38 125 89 173 103 149 126 153 83 100 204 88 3 206 81 
82 124 151 106 66 0 179 98 115 78 104 59 155 107 131 156 97 87 98 121 219 22 69 258 15 
111 258 212 225 127 179 0 81 216 251 159 168 173 231 198 175 82 236 81 106 202 201 124 79 164 
135 177 210 144 125 98 81 0 135 176 157 87 92 150 183 94 1 155 162 25 283 120 122 160 83 
156 134 187 9 172 115 216 135 0 88 204 174 101 15 69 41 134 202 213 160 190 93 169 295 130 
140 46 229 97 144 78 251 176 88 0 182 137 113 103 53 129 175 165 176 199 220 100 147 330 93 
48 228 123 210 38 104 159 157 204 182 0 163 121 211 135 181 158 191 115 132 236 126 35 238 119 
141 183 210 165 125 59 168 87 174 137 163 0 175 166 190 181 88 146 157 62 278 81 128 222 74 
73 159 174 110 89 155 173 92 101 113 121 175 0 116 136 60 91 238 166 113 287 177 86 252 170 
171 142 202 6 173 107 231 150 15 103 211 166 116 0 84 56 149 194 205 175 187 85 176 310 122 
87 99 188 78 103 131 198 183 69 53 135 190 136 84 0 110 184 218 180 197 259 153 100 277 146 
133 175 228 50 149 156 175 94 41 129 181 181 60 56 110 0 93 178 226 119 231 134 146 254 171 
136 176 211 143 126 97 82 1 134 175 158 88 91 149 184 93 0 154 163 26 284 119 123 161 82 
169 211 238 193 153 87 236 155 202 165 191 146 238 194 218 178 154 0 185 180 261 109 156 315 72 
93 222 168 204 83 98 81 162 213 176 115 157 166 205 180 226 163 185 0 177 121 120 80 160 113 
110 202 185 169 100 121 106 25 160 199 132 62 113 175 197 119 26 180 177 0 298 143 97 160 108 
214 266 289 181 204 219 202 283 190 220 236 278 287 187 259 231 284 261 121 298 0 241 201 281 234 
104 146 173 84 88 22 201 120 93 100 126 81 177 85 153 134 119 109 120 143 241 0 91 280 37 
13 193 88 175 3 69 124 122 169 147 35 128 86 176 100 146 123 156 80 97 201 91 0 203 84 
190 337 178 304 206 258 79 160 295 330 238 222 252 310 277 254 161 315 160 160 281 280 203 0 243 
97 139 166 121 81 15 164 83 130 93 119 74 170 122 146 171 82 72 113 108 234 37 84 243 0 
82
11
20
5
64
52
38
86
25
80
3
34
15
76
51
90
23
51
70
35
1
40
55
72
