15
0 291 373 155 142 221 179 153 180 141 139 552 208 232 179 
291 0 358 164 149 206 164 138 111 150 152 504 217 217 164 
373 358 0 223 231 152 246 220 247 232 234 358 253 163 246 
155 164 223 0 15 94 52 26 53 14 16 425 81 105 52 
142 149 231 15 0 79 37 11 38 1 3 410 68 90 37 
221 206 152 94 79 0 94 68 95 80 82 420 101 11 94 
179 164 246 52 37 94 0 26 53 38 40 425 59 105 52 
153 138 220 26 11 68 26 0 27 12 14 399 79 79 26 
180 111 247 53 38 95 53 27 0 39 41 426 106 106 53 
141 150 232 14 1 80 38 12 39 0 2 411 67 91 38 
139 152 234 16 3 82 40 14 41 2 0 413 69 93 40 
552 504 358 425 410 420 425 399 426 411 413 0 478 431 425 
208 217 253 81 68 101 59 79 106 67 69 478 0 112 105 
232 217 163 105 90 11 105 79 106 91 93 431 112 0 105 
179 164 246 52 37 94 52 26 53 38 40 425 105 105 0 
29
39
48
64
4
34
91
60
16
5
90
29
8
27
