35
0 185 189 200 193 215 270 170 229 259 139 227 199 216 118 133 162 248 226 181 174 111 186 205 183 175 187 256 162 253 152 150 134 147 185 
185 0 134 145 169 160 85 115 95 240 98 105 14 161 165 136 107 139 207 112 11 158 1 150 186 206 132 71 131 68 33 119 135 194 101 
189 134 0 11 160 26 186 19 185 143 59 147 120 27 85 56 27 59 110 26 145 78 135 16 106 82 2 172 39 130 124 39 55 80 108 
200 145 11 0 171 37 197 30 177 154 70 140 131 19 96 67 38 70 121 37 156 89 146 5 117 74 13 183 50 141 135 50 66 91 119 
193 169 160 171 0 186 171 141 186 230 216 244 155 187 75 104 133 219 197 152 180 82 170 176 154 132 158 157 133 199 202 121 105 104 156 
215 160 26 37 186 0 160 45 211 169 85 154 146 53 111 82 53 33 136 52 171 104 161 42 132 108 28 146 65 104 150 65 81 106 134 
270 85 186 197 171 160 0 200 60 211 183 106 99 213 171 185 192 127 178 175 96 178 84 202 196 228 188 14 156 56 118 200 184 200 186 
170 115 19 30 141 45 200 0 177 141 78 166 101 46 66 37 8 78 108 45 126 59 116 35 87 101 17 186 54 149 143 20 36 95 89 
229 95 185 177 186 211 60 177 0 266 193 113 81 158 111 140 169 187 233 188 106 118 96 182 190 168 187 74 169 116 128 157 141 140 192 
259 240 143 154 230 169 211 141 266 0 202 166 226 170 155 126 133 202 33 169 251 148 241 159 76 212 141 225 155 216 267 121 127 184 178 
139 98 59 70 216 85 183 78 193 202 0 88 112 86 141 112 86 118 169 85 87 134 99 75 162 141 61 169 83 138 65 98 111 139 164 
227 105 147 140 244 154 106 166 113 166 88 0 119 159 169 140 169 121 133 169 116 162 106 145 90 208 149 92 150 50 138 157 141 198 192 
199 14 120 131 155 146 99 101 81 226 112 119 0 147 151 122 93 153 193 126 25 144 15 136 172 202 118 85 145 82 47 105 121 180 115 
216 161 27 19 187 53 213 46 158 170 86 159 147 0 112 83 54 86 137 53 172 105 162 24 133 55 29 199 66 157 151 66 82 107 135 
118 165 85 96 75 111 171 66 111 155 141 169 151 112 0 29 58 144 122 77 176 7 166 101 79 57 83 185 58 158 198 46 30 29 81 
133 136 56 67 104 82 185 37 140 126 112 140 122 83 29 0 29 115 93 48 147 22 137 72 50 86 54 171 29 129 169 17 1 58 52 
162 107 27 38 133 53 192 8 169 133 86 169 93 54 58 29 0 86 100 53 118 51 108 43 79 109 25 178 56 156 140 12 28 87 81 
248 139 59 70 219 33 127 78 187 202 118 121 153 86 144 115 86 0 169 85 150 137 140 75 165 141 61 113 98 71 172 98 114 139 167 
226 207 110 121 197 136 178 108 233 33 169 133 193 137 122 93 100 169 0 136 218 115 208 126 43 179 108 192 122 183 234 88 94 151 145 
181 112 26 37 152 52 175 45 188 169 85 169 126 53 77 48 53 85 136 0 123 70 113 42 98 108 28 161 19 119 145 63 47 106 100 
174 11 145 156 180 171 96 126 106 251 87 116 25 172 176 147 118 150 218 123 0 169 12 161 197 217 143 82 142 79 22 130 146 205 112 
111 158 78 89 82 104 178 59 118 148 134 162 144 105 7 22 51 137 115 70 169 0 159 94 72 64 76 192 51 151 191 39 23 36 74 
186 1 135 146 170 161 84 116 96 241 99 106 15 162 166 137 108 140 208 113 12 159 0 151 187 207 133 70 132 69 34 120 136 195 102 
205 150 16 5 176 42 202 35 182 159 75 145 136 24 101 72 43 75 126 42 161 94 151 0 122 79 18 188 55 146 140 55 71 96 124 
183 186 106 117 154 132 196 87 190 76 162 90 172 133 79 50 79 165 43 98 197 72 187 122 0 136 104 182 79 140 219 67 51 108 102 
175 206 82 74 132 108 228 101 168 212 141 208 202 55 57 86 109 141 179 108 217 64 207 79 136 0 84 242 115 212 206 103 87 86 138 
187 132 2 13 158 28 188 17 187 141 61 149 118 29 83 54 25 61 108 28 143 76 133 18 104 84 0 174 37 132 126 37 53 78 106 
256 71 172 183 157 146 14 186 74 225 169 92 85 199 185 171 178 113 192 161 82 192 70 188 182 242 174 0 142 42 104 186 170 214 172 
162 131 39 50 133 65 156 54 169 155 83 150 145 66 58 29 56 98 122 19 142 51 132 55 79 115 37 142 0 100 148 44 28 87 81 
253 68 130 141 199 104 56 149 116 216 138 50 82 157 158 129 156 71 183 119 79 151 69 146 140 212 132 42 100 0 101 144 128 187 169 
152 33 124 135 202 150 118 143 128 267 65 138 47 151 198 169 140 172 234 145 22 191 34 140 219 206 126 104 148 101 0 152 168 204 134 
150 119 39 50 121 65 200 20 157 121 98 157 105 66 46 17 12 98 88 63 130 39 120 55 67 103 37 186 44 144 152 0 16 75 69 
134 135 55 66 105 81 184 36 141 127 111 141 121 82 30 1 28 114 94 47 146 23 136 71 51 87 53 170 28 128 168 16 0 59 53 
147 194 80 91 104 106 200 95 140 184 139 198 180 107 29 58 87 139 151 106 205 36 195 96 108 86 78 214 87 187 204 75 59 0 110 
185 101 108 119 156 134 186 89 192 178 164 192 115 135 81 52 81 167 145 100 112 74 102 124 102 138 106 172 81 169 134 69 53 110 0 
70
48
25
95
80
66
82
4
70
47
100
68
8
35
64
46
64
52
79
66
33
46
30
37
98
94
24
28
52
50
66
70
97
92
