30
0 125 165 269 205 168 144 122 138 185 106 224 217 130 52 164 161 286 151 105 158 114 137 291 18 143 218 165 93 132 
125 0 174 214 186 149 92 15 98 118 19 173 192 49 127 121 94 239 119 102 78 122 115 251 119 62 144 84 182 221 
165 174 0 288 187 150 154 189 150 148 155 206 180 216 185 183 124 301 197 151 140 174 100 300 183 203 181 181 72 83 
269 214 288 0 275 238 162 229 168 188 233 256 189 165 218 105 164 281 119 168 148 192 188 240 252 152 151 174 283 322 
205 186 187 275 0 37 141 201 147 135 205 19 167 137 153 170 111 288 168 168 127 158 87 287 187 124 168 102 211 250 
168 149 150 238 37 0 104 164 110 98 168 56 130 100 116 133 74 251 131 131 90 121 50 250 150 87 131 65 174 213 
144 92 154 162 141 104 0 107 6 54 111 160 134 131 92 57 30 147 71 120 14 30 54 159 126 118 135 137 214 175 
122 15 189 229 201 164 107 0 113 133 34 188 207 64 138 136 109 254 134 117 93 137 130 266 104 77 159 99 197 236 
138 98 150 168 147 110 6 113 0 60 117 166 140 125 86 63 36 153 77 126 20 24 60 153 120 112 141 134 220 181 
185 118 148 188 135 98 54 133 60 0 137 154 84 167 133 83 24 201 97 129 40 84 48 213 167 154 129 163 220 229 
106 19 155 233 205 168 111 34 117 137 0 192 211 68 136 140 113 258 138 83 97 141 134 270 124 81 163 103 199 238 
224 173 206 256 19 56 160 188 166 154 192 0 186 124 172 151 130 307 165 187 146 177 106 286 206 111 187 121 230 269 
217 192 180 189 167 130 134 207 140 84 211 186 0 143 165 163 104 281 177 161 120 164 80 280 199 130 161 152 223 262 
130 49 216 165 137 100 131 64 125 167 68 124 143 0 78 84 143 232 70 131 127 140 150 219 112 13 193 35 144 183 
52 127 185 218 153 116 92 138 86 133 136 172 165 78 0 113 109 239 99 53 106 62 85 239 34 91 166 113 145 184 
164 121 183 105 170 133 57 136 63 83 140 151 163 84 113 0 59 176 14 63 43 87 83 135 147 71 164 80 189 222 
161 94 124 164 111 74 30 109 36 24 113 130 104 143 109 59 0 177 73 105 16 60 24 189 143 130 105 139 196 205 
286 239 301 281 288 251 147 254 153 201 258 307 281 232 239 176 177 0 162 239 161 177 201 306 273 219 192 228 337 309 
151 119 197 119 168 131 71 134 77 97 138 165 177 70 99 14 73 162 0 77 57 101 97 149 133 57 178 66 175 214 
105 102 151 168 168 131 120 117 126 129 83 187 161 131 53 63 105 239 77 0 106 115 81 198 87 134 162 143 180 159 
158 78 140 148 127 90 14 93 20 40 97 146 120 127 106 43 16 161 57 106 0 44 40 173 140 114 121 123 212 189 
114 122 174 192 158 121 30 137 24 84 141 177 164 140 62 87 60 177 101 115 44 0 84 177 96 136 165 158 207 205 
137 115 100 188 87 50 54 130 60 48 134 106 80 150 85 83 24 201 97 81 40 84 0 200 119 137 81 115 172 183 
291 251 300 240 287 250 159 266 153 213 270 286 280 219 239 135 189 306 149 198 173 177 200 0 273 206 119 215 324 334 
18 119 183 252 187 150 126 104 120 167 124 206 199 112 34 147 143 273 133 87 140 96 119 273 0 125 200 147 111 150 
143 62 203 152 124 87 118 77 112 154 81 111 130 13 91 71 130 219 57 134 114 136 137 206 125 0 206 22 131 170 
218 144 181 151 168 131 135 159 141 129 163 187 161 193 166 164 105 192 178 162 121 165 81 119 200 206 0 196 253 264 
165 84 181 174 102 65 137 99 134 163 103 121 152 35 113 80 139 228 66 143 123 158 115 215 147 22 196 0 109 148 
93 182 72 283 211 174 214 197 220 220 199 230 223 144 145 189 196 337 175 180 212 207 172 324 111 131 253 109 0 39 
132 221 83 322 250 213 175 236 181 229 238 269 262 183 184 222 205 309 214 159 189 205 183 334 150 170 264 148 39 0 
93
45
72
89
92
80
79
21
78
47
47
39
24
58
22
25
44
40
41
11
84
86
96
75
64
67
32
99
92
