8
0 554 479 773 693 247 787 564 
554 0 776 402 139 603 504 727 
479 776 0 666 791 327 555 519 
773 402 666 0 263 693 111 334 
693 139 791 263 0 464 374 597 
247 603 327 693 464 0 635 522 
787 504 555 111 374 635 0 223 
564 727 519 334 597 522 223 0 
85
80
44
28
65
55
34
