40
0 75 144 166 138 139 111 185 102 257 137 124 73 163 87 144 141 86 168 166 24 124 13 184 70 130 116 113 101 48 144 182 46 146 166 126 66 77 105 105 
75 0 95 125 101 166 160 130 120 189 102 85 148 126 109 103 147 123 127 160 51 130 62 149 115 136 191 188 95 75 161 197 121 92 193 153 9 104 132 131 
144 95 0 156 6 134 122 159 70 127 7 66 84 31 88 134 58 104 158 94 125 53 131 54 74 47 127 124 102 129 159 102 133 3 155 132 86 72 84 59 
166 125 156 0 150 59 158 176 119 175 149 152 98 175 79 22 168 140 15 79 158 151 161 156 199 157 141 94 65 182 80 204 178 159 248 79 116 121 127 108 
138 101 6 150 0 140 116 153 64 121 1 60 90 25 82 128 52 98 152 88 131 47 125 48 68 41 133 130 96 123 153 96 127 9 149 126 92 78 78 53 
139 166 134 59 140 0 135 117 87 234 141 163 75 165 119 81 138 180 74 138 115 121 126 188 183 127 118 35 124 139 101 236 125 131 189 138 157 62 90 90 
111 160 122 158 116 135 0 182 157 185 117 136 60 91 197 180 113 174 173 152 109 130 120 164 177 124 103 100 211 85 166 212 157 125 203 209 151 162 161 168 
185 130 159 176 153 117 182 0 106 260 152 93 122 178 146 179 128 131 191 236 161 111 172 198 219 117 165 82 160 185 148 246 169 162 72 128 121 108 80 117 
102 120 70 119 64 87 157 106 0 185 65 124 97 89 40 97 101 101 121 152 78 84 89 112 132 90 140 122 54 102 128 160 63 73 178 101 111 25 53 11 
257 189 127 175 121 234 185 260 185 0 120 179 211 146 203 153 165 217 177 209 240 160 244 73 187 154 184 250 196 236 211 104 248 130 262 228 198 199 180 174 
137 102 7 149 1 141 117 152 65 120 0 59 91 26 83 127 53 97 151 89 132 48 124 47 67 42 134 131 97 124 154 95 128 10 150 127 93 79 79 54 
124 85 66 152 60 163 136 93 124 179 59 0 150 85 99 130 112 38 154 148 122 107 111 106 126 101 193 128 113 146 188 154 170 69 135 186 94 138 138 113 
73 148 84 98 90 75 60 122 97 211 91 150 0 115 137 120 70 159 113 177 97 87 86 138 143 81 43 40 151 121 106 186 119 87 189 166 139 122 118 108 
163 126 31 175 25 165 91 178 89 146 26 85 115 0 107 153 77 123 177 113 156 72 150 73 93 66 158 155 121 148 178 121 152 34 174 151 117 103 103 78 
87 109 88 79 82 119 197 146 40 203 83 99 137 107 0 57 117 61 81 114 110 100 100 130 120 106 180 152 14 134 115 178 103 91 202 133 100 57 85 29 
144 103 134 22 128 81 180 179 97 153 127 130 120 153 57 0 146 118 24 57 136 129 139 134 177 135 163 97 43 160 58 182 156 137 231 101 94 114 133 86 
141 147 58 168 52 138 113 128 101 165 53 112 70 77 117 146 0 150 170 140 117 17 128 92 120 11 113 110 103 93 123 140 139 61 119 96 138 76 48 104 
86 123 104 140 98 180 174 131 101 217 97 38 159 123 61 118 150 0 142 175 84 145 73 144 130 139 202 149 75 108 166 192 132 107 173 179 126 118 131 90 
168 127 158 15 152 74 173 191 121 177 151 154 113 177 81 24 170 142 0 81 160 153 163 158 201 159 156 109 67 184 82 206 180 161 255 94 118 136 142 110 
166 160 94 79 88 138 152 236 152 209 89 148 177 113 114 57 140 175 81 0 165 135 176 136 156 129 193 154 100 141 115 184 120 97 237 158 151 166 166 141 
24 51 125 158 131 115 109 161 78 240 132 122 97 156 110 136 117 84 160 165 0 100 11 179 68 106 140 137 124 24 156 166 70 122 142 102 42 53 81 81 
124 130 53 151 47 121 130 111 84 160 48 107 87 72 100 129 17 145 153 135 100 0 111 87 115 6 130 127 86 76 106 135 122 56 102 79 121 59 31 87 
13 62 131 161 125 126 120 172 89 244 124 111 86 150 100 139 128 73 163 176 11 111 0 171 57 117 129 126 114 35 157 177 59 133 153 113 53 64 92 92 
184 149 54 156 48 188 164 198 112 73 47 106 138 73 130 134 92 144 158 136 179 87 171 0 114 81 181 178 144 163 192 48 175 57 189 166 140 126 118 101 
70 115 74 199 68 183 177 219 132 187 67 126 143 93 120 177 120 130 201 156 68 115 57 114 0 109 186 183 134 92 214 162 116 77 210 170 106 121 146 121 
130 136 47 157 41 127 124 117 90 154 42 101 81 66 106 135 11 139 159 129 106 6 117 81 109 0 124 121 92 82 112 129 128 50 108 85 127 65 37 93 
116 191 127 141 133 118 103 165 140 184 134 193 43 158 180 163 113 202 156 193 140 130 129 181 186 124 0 83 194 164 149 229 162 130 232 209 182 165 161 151 
113 188 124 94 130 35 100 82 122 250 131 128 40 155 152 97 110 149 109 154 137 127 126 178 183 121 83 0 140 161 66 226 159 127 154 173 179 97 125 123 
101 95 102 65 96 124 211 160 54 196 97 113 151 121 14 43 103 75 67 100 124 86 114 144 134 92 194 140 0 148 101 192 117 105 188 144 86 71 99 43 
48 75 129 182 123 139 85 185 102 236 124 146 121 148 134 160 93 108 184 141 24 76 35 163 92 82 164 161 148 0 180 142 94 132 118 126 66 77 105 105 
144 161 159 80 153 101 166 148 128 211 154 188 106 178 115 58 123 166 82 115 156 106 157 192 214 112 149 66 101 180 0 240 98 162 208 123 152 103 75 131 
182 197 102 204 96 236 212 246 160 104 95 154 186 121 178 182 140 192 206 184 166 135 177 48 162 129 229 226 192 142 240 0 223 105 237 214 188 174 166 149 
46 121 133 178 127 125 157 169 63 248 128 170 119 152 103 156 139 132 180 120 70 122 59 175 116 128 162 159 117 94 98 223 0 132 212 139 112 63 91 74 
146 92 3 159 9 131 125 162 73 130 10 69 87 34 91 137 61 107 161 97 122 56 133 57 77 50 130 127 105 132 162 105 132 0 158 135 83 69 87 62 
166 193 155 248 149 189 203 72 178 262 150 135 189 174 202 231 119 173 255 237 142 102 153 189 210 108 232 154 188 118 208 237 212 158 0 181 184 161 133 189 
126 153 132 79 126 138 209 128 101 228 127 186 166 151 133 101 96 179 94 158 102 79 113 166 170 85 209 173 144 126 123 214 139 135 181 0 144 76 48 104 
66 9 86 116 92 157 151 121 111 198 93 94 139 117 100 94 138 126 118 151 42 121 53 140 106 127 182 179 86 66 152 188 112 83 184 144 0 95 123 122 
77 104 72 121 78 62 162 108 25 199 79 138 122 103 57 114 76 118 136 166 53 59 64 126 121 65 165 97 71 77 103 174 63 69 161 76 95 0 28 28 
105 132 84 127 78 90 161 80 53 180 79 138 118 103 85 133 48 131 142 166 81 31 92 118 146 37 161 125 99 105 75 166 91 87 133 48 123 28 0 56 
105 131 59 108 53 90 168 117 11 174 54 113 108 78 29 86 104 90 110 141 81 87 92 101 121 93 151 123 43 105 131 149 74 62 189 104 122 28 56 0 
88
68
27
3
46
76
81
19
40
12
61
63
15
82
85
55
33
12
6
21
50
91
47
46
39
80
81
66
2
22
7
42
69
45
51
65
100
68
39
