35
0 164 100 108 78 141 61 140 73 110 143 114 78 65 145 172 52 78 118 144 155 93 92 5 123 100 115 165 141 97 55 139 165 66 130 
164 0 212 75 175 202 122 43 91 73 119 132 139 162 199 246 131 133 94 205 224 154 153 169 89 133 221 214 104 88 172 173 128 127 163 
100 212 0 141 68 199 119 169 173 139 185 175 136 55 65 72 110 132 160 170 55 112 118 95 155 154 15 65 108 153 45 39 132 124 125 
108 75 141 0 100 127 47 32 135 2 48 108 64 87 128 171 56 62 23 130 183 79 78 109 18 86 150 173 33 17 97 102 57 52 116 
78 175 68 100 0 146 76 132 139 102 148 107 83 13 121 136 85 111 123 159 123 44 107 73 118 115 83 133 133 117 23 107 147 71 145 
141 202 199 127 146 0 80 159 188 129 152 165 87 159 164 194 89 115 127 163 224 102 111 146 132 119 184 226 160 144 169 190 184 75 149 
61 122 119 47 76 80 0 79 108 49 82 95 17 89 84 124 9 35 57 83 144 32 31 66 62 39 104 146 80 64 99 110 104 5 69 
140 43 169 32 132 159 79 0 134 30 76 136 96 119 156 203 88 90 51 162 211 111 110 137 46 90 178 201 61 45 129 130 85 84 120 
73 91 173 135 139 188 108 134 0 133 106 41 125 138 192 187 99 73 131 191 133 95 139 78 136 124 173 123 123 132 128 192 99 113 134 
110 73 139 2 102 129 49 30 133 0 46 106 66 89 126 173 58 60 21 132 181 81 80 107 16 88 148 171 31 15 99 100 55 54 118 
143 119 185 48 148 152 82 76 106 46 0 147 89 135 166 196 91 106 25 165 179 104 113 148 30 121 186 169 77 61 145 146 101 77 95 
114 132 175 108 107 165 95 136 41 106 147 0 102 120 177 155 104 114 127 178 174 63 126 119 122 83 190 164 82 91 130 151 58 90 113 
78 139 136 64 83 87 17 96 125 66 89 102 0 96 101 131 26 52 64 100 161 39 48 83 69 56 121 163 97 81 106 127 111 12 86 
65 162 55 87 13 159 89 119 138 89 135 120 96 0 108 127 98 124 110 162 110 57 120 60 105 128 70 120 120 104 10 94 134 84 158 
145 199 65 128 121 164 84 156 192 126 166 177 101 108 0 131 93 119 141 105 114 116 53 148 142 123 74 124 95 141 98 26 119 89 153 
172 246 72 171 136 194 124 203 187 173 196 155 131 127 131 0 133 159 171 179 97 92 127 167 176 163 57 107 174 188 117 105 198 119 174 
52 131 110 56 85 89 9 88 99 58 91 104 26 98 93 133 0 26 66 92 135 41 40 57 71 48 95 137 89 73 107 119 113 14 78 
78 133 132 62 111 115 35 90 73 60 106 114 52 124 119 159 26 0 81 118 121 67 66 83 76 74 121 111 91 75 133 145 115 40 61 
118 94 160 23 123 127 57 51 131 21 25 127 64 110 141 171 66 81 0 140 201 79 88 123 5 96 161 192 52 36 120 121 76 52 120 
144 205 170 130 159 163 83 162 191 132 165 178 100 162 105 179 92 118 140 0 190 115 52 149 145 122 179 180 163 147 172 131 187 88 152 
155 224 55 183 123 224 144 211 133 181 179 174 161 110 114 97 135 121 201 190 0 167 159 150 197 183 40 10 157 178 100 88 181 149 175 
93 154 112 79 44 102 32 111 95 81 104 63 39 57 116 92 41 67 79 115 167 0 63 98 84 71 127 177 112 96 67 142 121 27 101 
92 153 118 78 107 111 31 110 139 80 113 126 48 120 53 127 40 66 88 52 159 63 0 97 93 70 127 169 111 95 130 79 135 36 100 
5 169 95 109 73 146 66 137 78 107 148 119 83 60 148 167 57 83 123 149 150 98 97 0 123 105 110 160 138 92 50 134 162 71 135 
123 89 155 18 118 132 62 46 136 16 30 122 69 105 142 176 71 76 5 145 197 84 93 123 0 101 164 187 47 31 115 116 71 57 125 
100 133 154 86 115 119 39 90 124 88 121 83 56 128 123 163 48 74 96 122 183 71 70 105 101 0 143 185 119 103 130 149 141 44 30 
115 221 15 150 83 184 104 178 173 148 186 190 121 70 74 57 95 121 161 179 40 127 127 110 164 143 0 50 117 138 60 48 141 109 140 
165 214 65 173 133 226 146 201 123 171 169 164 163 120 124 107 137 111 192 180 10 177 169 160 187 185 50 0 167 186 110 98 191 151 172 
141 104 108 33 133 160 80 61 123 31 77 82 97 120 95 174 89 91 52 163 157 112 111 138 47 119 117 167 0 46 130 69 24 85 124 
97 88 153 17 117 144 64 45 132 15 61 91 81 104 141 188 73 75 36 147 178 96 95 92 31 103 138 186 46 0 114 115 70 69 133 
55 172 45 97 23 169 99 129 128 99 145 130 106 10 98 117 107 133 120 172 100 67 130 50 115 130 60 110 130 114 0 84 144 94 160 
139 173 39 102 107 190 110 130 192 100 146 151 127 94 26 105 119 145 121 131 88 142 79 134 116 149 48 98 69 115 84 0 93 115 164 
165 128 132 57 147 184 104 85 99 55 101 58 111 134 119 198 113 115 76 187 181 121 135 162 71 141 141 191 24 70 144 93 0 109 148 
66 127 124 52 71 75 5 84 113 54 77 90 12 84 89 119 14 40 52 88 149 27 36 71 57 44 109 151 85 69 94 115 109 0 74 
130 163 125 116 145 149 69 120 134 118 95 113 86 158 153 174 78 61 120 152 175 101 100 135 125 30 140 172 124 133 160 164 148 74 0 
38
60
23
5
30
59
8
3
88
72
53
17
62
38
40
94
71
60
39
15
1
20
26
14
61
98
89
47
1
7
93
25
27
89
