17
0 283 80 326 78 127 325 175 136 42 75 14 133 199 169 109 146 
283 0 203 64 325 231 414 215 254 325 208 297 270 219 189 343 323 
80 203 0 267 122 57 245 95 56 122 5 94 67 129 99 140 149 
326 64 267 0 334 243 416 264 225 368 272 340 279 231 201 351 335 
78 325 122 334 0 169 367 217 178 120 117 92 55 241 211 128 224 
127 231 57 243 169 0 267 63 24 169 52 141 114 72 42 150 92 
325 414 245 416 367 267 0 217 256 367 250 339 312 195 225 382 359 
175 215 95 264 217 63 217 0 39 217 100 189 162 135 105 165 155 
136 254 56 225 178 24 256 39 0 178 61 150 123 96 66 126 116 
42 325 122 368 120 169 367 217 178 0 117 28 175 236 206 123 104 
75 208 5 272 117 52 250 100 61 117 0 89 62 124 94 135 144 
14 297 94 340 92 141 339 189 150 28 89 0 147 208 178 95 132 
133 270 67 279 55 114 312 162 123 175 62 147 0 186 156 73 206 
199 219 129 231 241 72 195 135 96 236 124 208 186 0 30 222 164 
169 189 99 201 211 42 225 105 66 206 94 178 156 30 0 192 134 
109 343 140 351 128 150 382 165 126 123 135 95 73 222 192 0 227 
146 323 149 335 224 92 359 155 116 104 144 132 206 164 134 227 0 
93
23
95
36
19
41
72
85
44
15
70
77
74
41
42
9
