15
0 171 261 97 252 455 463 255 361 281 310 205 287 380 261 
171 0 222 268 423 284 359 84 393 110 139 315 248 209 193 
261 222 0 164 276 228 303 176 367 112 83 223 26 153 101 
97 268 164 0 155 392 366 340 264 276 247 108 190 317 219 
252 423 276 155 0 504 412 452 419 388 359 263 302 429 374 
455 284 228 392 504 0 241 238 139 174 145 321 254 215 199 
463 359 303 366 412 241 0 313 102 249 220 396 329 150 274 
255 84 176 340 452 238 313 0 347 64 93 269 202 163 147 
361 393 367 264 419 139 102 347 0 283 284 372 393 252 338 
281 110 112 276 388 174 249 64 283 0 29 205 138 99 83 
310 139 83 247 359 145 220 93 284 29 0 176 109 70 54 
205 315 223 108 263 321 396 269 372 205 176 0 197 246 122 
287 248 26 190 302 254 329 202 393 138 109 197 0 179 75 
380 209 153 317 429 215 150 163 252 99 70 246 179 0 124 
261 193 101 219 374 199 274 147 338 83 54 122 75 124 0 
1
5
32
17
55
56
28
50
21
82
60
84
34
2
