8
0 297 251 343 112 317 368 591 
297 0 46 159 409 112 163 490 
251 46 0 205 363 66 117 448 
343 159 205 0 455 271 113 331 
112 409 363 455 0 429 409 579 
317 112 66 271 429 0 183 382 
368 163 117 113 409 183 0 444 
591 490 448 331 579 382 444 0 
61
71
58
39
1
64
41
