15
0 159 218 114 112 194 276 311 46 159 399 329 186 173 134 
159 0 370 66 117 283 292 263 113 318 351 345 338 125 86 
218 370 0 332 253 318 336 420 264 353 617 327 32 282 321 
114 66 332 0 183 217 226 197 68 252 285 279 300 59 20 
112 117 253 183 0 306 345 380 158 271 468 292 221 242 203 
194 283 318 217 306 0 153 374 240 35 441 206 350 236 197 
276 292 336 226 345 153 0 383 230 188 462 53 304 245 206 
311 263 420 197 380 374 383 0 265 409 479 436 452 138 177 
46 113 264 68 158 240 230 265 0 205 353 283 232 127 88 
159 318 353 252 271 35 188 409 205 0 476 241 345 271 232 
399 351 617 285 468 441 462 479 353 476 0 409 585 344 305 
329 345 327 279 292 206 53 436 283 241 409 0 295 298 259 
186 338 32 300 221 350 304 452 232 345 585 295 0 314 320 
173 125 282 59 242 236 245 138 127 271 344 298 314 0 39 
134 86 321 20 203 197 206 177 88 232 305 259 320 39 0 
87
50
85
71
63
20
64
45
71
66
15
19
45
48
