45
0 148 145 114 112 228 135 168 46 159 129 173 156 161 95 95 66 74 167 183 154 113 154 68 122 234 145 142 158 105 118 126 140 165 157 111 137 32 134 137 176 143 186 119 68 
148 0 112 123 97 197 60 20 194 235 95 129 123 145 138 183 208 117 153 124 129 35 117 111 88 203 157 113 125 105 61 53 67 250 126 130 92 147 101 104 132 161 150 60 173 
145 112 0 130 104 123 70 110 191 171 17 73 33 55 99 136 118 78 122 62 39 96 42 84 24 129 101 49 35 40 53 59 73 194 36 66 39 113 11 40 76 155 41 52 109 
114 123 130 0 180 220 63 103 160 237 114 150 141 163 73 118 180 52 205 145 132 158 139 46 107 214 178 132 136 90 80 88 102 188 135 149 122 82 119 123 153 196 171 81 145 
112 97 104 180 0 227 117 77 158 232 99 144 115 49 181 197 178 160 135 144 121 132 124 166 106 233 159 131 117 122 134 141 155 265 118 127 121 144 93 122 147 237 145 134 170 
228 197 123 220 227 0 169 182 222 196 140 179 156 178 189 159 162 168 123 185 162 181 165 174 139 6 167 150 158 156 152 144 130 89 159 167 124 210 134 141 182 243 82 151 186 
135 60 70 63 117 169 0 40 181 193 53 87 81 103 94 138 166 73 144 82 87 95 78 67 46 175 115 71 83 63 17 25 39 208 84 88 61 103 59 62 90 133 111 18 131 
168 20 110 103 77 182 40 0 214 233 93 127 121 126 134 178 206 113 173 122 127 55 118 107 86 188 155 111 123 103 57 65 79 248 124 128 101 143 99 102 130 173 151 58 171 
46 194 191 160 158 222 181 214 0 205 175 127 168 207 141 141 112 120 213 229 200 159 158 114 168 216 99 157 204 151 164 172 186 211 203 157 183 78 180 166 130 189 184 165 114 
159 235 171 237 232 196 193 233 205 0 154 137 178 183 164 153 225 185 161 211 183 219 168 191 147 190 165 140 181 164 176 182 172 223 180 105 162 191 160 131 140 201 212 175 126 
129 95 17 114 99 140 53 93 175 154 0 56 28 50 83 119 113 62 105 57 34 79 25 68 7 140 84 32 30 24 36 42 56 177 31 49 22 97 6 23 59 138 58 35 92 
173 129 73 150 144 179 87 127 127 137 56 0 41 106 139 128 125 118 142 113 90 118 31 120 63 185 28 86 86 80 70 76 90 121 87 105 78 153 62 79 3 144 97 69 148 
156 123 33 141 115 156 81 121 168 178 28 41 0 66 110 147 129 89 133 73 50 107 53 95 35 162 69 60 46 51 64 70 84 162 47 77 50 124 22 51 44 166 74 63 120 
161 145 55 163 49 178 103 126 207 183 50 106 66 0 132 148 151 111 86 95 72 129 75 117 57 184 110 82 68 73 86 92 106 218 69 78 72 146 44 73 109 188 96 85 121 
95 138 99 73 181 189 94 134 141 164 83 139 110 132 0 99 161 21 174 111 113 148 108 27 76 183 159 101 112 59 77 85 99 169 113 118 91 63 88 92 142 178 140 78 126 
95 183 136 118 197 159 138 178 141 153 119 128 147 148 99 0 161 78 126 176 134 184 144 72 112 165 156 105 130 116 122 130 137 70 131 70 127 108 125 96 125 102 177 123 27 
66 208 118 180 178 162 166 206 112 225 113 125 129 151 161 161 0 140 218 158 111 179 138 134 120 168 153 145 109 136 149 155 169 231 108 162 135 98 107 136 122 209 159 148 134 
74 117 78 52 160 168 73 113 120 185 62 118 89 111 21 78 140 0 153 118 92 127 87 6 55 162 138 80 91 38 56 64 78 148 92 97 70 42 67 71 121 157 119 57 105 
167 153 122 205 135 123 144 173 213 161 105 142 133 86 174 126 218 153 0 162 134 170 130 159 98 129 149 91 132 115 127 133 123 196 131 56 113 188 111 82 139 120 163 126 99 
183 124 62 145 144 185 82 122 229 211 57 113 73 95 111 176 158 118 162 0 79 136 82 115 64 191 141 89 75 80 65 71 85 234 76 106 79 151 51 80 116 179 103 64 149 
154 129 39 132 121 162 87 127 200 183 34 90 50 72 113 134 111 92 134 79 0 113 59 86 41 168 118 66 4 57 70 76 90 204 3 78 56 122 28 57 92 172 80 69 121 
113 35 96 158 132 181 95 55 159 219 79 118 107 129 148 184 179 127 170 136 113 0 87 133 72 175 146 97 109 89 96 88 102 239 110 114 57 145 85 88 121 196 115 95 157 
154 117 42 139 124 165 78 118 158 168 25 31 53 75 108 144 138 87 130 82 59 87 0 93 32 165 59 57 55 49 61 64 78 152 56 74 47 122 31 48 34 113 83 60 117 
68 111 84 46 166 174 67 107 114 191 68 120 95 117 27 72 134 6 159 115 86 133 93 0 61 168 144 86 90 44 50 58 72 142 89 103 76 36 73 77 123 163 125 51 99 
122 88 24 107 106 139 46 86 168 147 7 63 35 57 76 112 120 55 98 64 41 72 32 61 0 133 83 25 37 17 29 35 49 182 38 42 15 90 13 16 66 143 65 28 85 
234 203 129 214 233 6 175 188 216 190 140 185 162 184 183 165 168 162 129 191 168 175 165 168 133 0 173 144 164 150 158 150 136 95 165 161 118 204 140 135 188 249 88 157 192 
145 157 101 178 159 167 115 155 99 165 84 28 69 110 159 156 153 138 149 141 118 146 59 144 83 173 0 58 114 100 98 104 90 149 115 93 98 168 90 67 31 172 85 97 136 
142 113 49 132 131 150 71 111 157 140 32 86 60 82 101 105 145 80 91 89 66 97 57 86 25 144 58 0 62 42 54 60 74 175 63 35 40 110 38 9 89 153 90 53 78 
158 125 35 136 117 158 83 123 204 181 30 86 46 68 112 130 109 91 132 75 4 109 55 90 37 164 114 62 0 53 66 72 86 200 1 76 52 126 24 53 89 168 76 65 119 
105 105 40 90 122 156 63 103 151 164 24 80 51 73 59 116 136 38 115 80 57 89 49 44 17 150 100 42 53 0 46 52 66 186 54 59 32 73 29 33 83 160 81 45 102 
118 61 53 80 134 152 17 57 164 176 36 70 64 86 77 122 149 56 127 65 70 96 61 50 29 158 98 54 66 46 0 8 22 191 67 71 44 86 42 45 73 116 94 1 114 
126 53 59 88 141 144 25 65 172 182 42 76 70 92 85 130 155 64 133 71 76 88 64 58 35 150 104 60 72 52 8 0 14 197 73 77 50 94 48 51 79 108 100 7 120 
140 67 73 102 155 130 39 79 186 172 56 90 84 106 99 137 169 78 123 85 90 102 78 72 49 136 90 74 86 66 22 14 0 207 87 67 64 108 62 65 93 122 114 21 110 
165 250 194 188 265 89 208 248 211 223 177 121 162 218 169 70 231 148 196 234 204 239 152 142 182 95 149 175 200 186 191 197 207 0 201 140 197 178 183 166 124 172 171 190 97 
157 126 36 135 118 159 84 124 203 180 31 87 47 69 113 131 108 92 131 76 3 110 56 89 38 165 115 63 1 54 67 73 87 201 0 75 53 125 25 54 90 169 77 66 118 
111 130 66 149 127 167 88 128 157 105 49 105 77 78 118 70 162 97 56 106 78 114 74 103 42 161 93 35 76 59 71 77 67 140 75 0 57 132 55 26 108 118 107 70 43 
137 92 39 122 121 124 61 101 183 162 22 78 50 72 91 127 135 70 113 79 56 57 47 76 15 118 98 40 52 32 44 50 64 197 53 57 0 105 28 31 81 158 58 43 100 
32 147 113 82 144 210 103 143 78 191 97 153 124 146 63 108 98 42 188 151 122 145 122 36 90 204 168 110 126 73 86 94 108 178 125 132 105 0 102 106 156 175 154 87 100 
134 101 11 119 93 134 59 99 180 160 6 62 22 44 88 125 107 67 111 51 28 85 31 73 13 140 90 38 24 29 42 48 62 183 25 55 28 102 0 29 65 144 52 41 98 
137 104 40 123 122 141 62 102 166 131 23 79 51 73 92 96 136 71 82 80 57 88 48 77 16 135 67 9 53 33 45 51 65 166 54 26 31 106 29 0 82 144 81 44 69 
176 132 76 153 147 182 90 130 130 140 59 3 44 109 142 125 122 121 139 116 92 121 34 123 66 188 31 89 89 83 73 79 93 124 90 108 81 156 65 82 0 145 100 72 151 
143 161 155 196 237 243 133 173 189 201 138 144 166 188 178 102 209 157 120 179 172 196 113 163 143 249 172 153 168 160 116 108 122 172 169 118 158 175 144 144 145 0 196 115 75 
186 150 41 171 145 82 111 151 184 212 58 97 74 96 140 177 159 119 163 103 80 115 83 125 65 88 85 90 76 81 94 100 114 171 77 107 58 154 52 81 100 196 0 93 150 
119 60 52 81 134 151 18 58 165 175 35 69 63 85 78 123 148 57 126 64 69 95 60 51 28 157 97 53 65 45 1 7 21 190 66 70 43 87 41 44 72 115 93 0 113 
68 173 109 145 170 186 131 171 114 126 92 148 120 121 126 27 134 105 99 149 121 157 117 99 85 192 136 78 119 102 114 120 110 97 118 43 100 100 98 69 151 75 150 113 0 
100
64
100
68
27
68
51
10
1
30
30
78
45
60
40
67
91
48
1
15
69
59
36
15
27
24
44
90
74
79
99
30
78
24
91
92
32
55
20
57
48
30
35
21
