10
0 330 255 319 78 242 456 186 494 247 
330 0 75 14 408 208 430 264 203 203 
255 75 0 64 333 271 480 215 253 276 
319 14 64 0 397 222 416 278 189 217 
78 408 333 397 0 250 534 264 416 245 
242 208 271 222 250 0 326 56 411 5 
456 430 480 416 534 326 0 270 227 331 
186 264 215 278 264 56 270 0 467 61 
494 203 253 189 416 411 227 467 0 406 
247 203 276 217 245 5 331 61 406 0 
83
30
78
10
27
90
26
50
30
