8
0 396 365 449 569 329 82 337 
396 0 99 134 396 137 382 133 
365 99 0 84 346 38 283 46 
449 134 84 0 262 122 367 130 
569 396 346 262 0 314 487 322 
329 137 38 122 314 0 247 8 
82 382 283 367 487 247 0 255 
337 133 46 130 322 8 255 0 
74
54
14
66
47
91
42
