12
0 329 251 212 112 200 395 338 46 159 180 360 
329 0 186 380 386 351 66 117 375 338 348 113 
251 186 0 331 363 383 252 303 297 398 363 299 
212 380 331 0 100 52 337 288 220 67 32 282 
112 386 363 100 0 88 373 269 158 103 68 382 
200 351 383 52 88 0 285 276 208 55 20 334 
395 66 252 337 373 285 0 183 441 340 305 179 
338 117 303 288 269 276 183 0 292 221 256 230 
46 375 297 220 158 208 441 292 0 153 188 406 
159 338 398 67 103 55 340 221 153 0 35 349 
180 348 363 32 68 20 305 256 188 35 0 314 
360 113 299 282 382 334 179 230 406 349 314 0 
26
39
63
32
66
55
16
58
8
80
43
