12
0 385 239 314 272 221 431 223 299 287 106 333 
385 0 182 257 263 164 208 286 242 275 279 276 
239 182 0 111 252 18 237 203 96 93 133 130 
314 257 111 0 327 93 201 278 15 173 208 19 
272 263 252 327 0 234 335 49 312 345 349 346 
221 164 18 93 234 0 255 185 78 111 115 112 
431 208 237 201 335 255 0 384 216 144 370 182 
223 286 203 278 49 185 384 0 263 296 300 297 
299 242 96 15 312 78 216 263 0 188 193 34 
287 275 93 173 345 111 144 296 188 0 226 155 
106 279 133 208 349 115 370 300 193 226 0 227 
333 276 130 19 346 112 182 297 34 155 227 0 
26
77
42
51
14
91
87
2
100
29
18
