12
0 120 103 253 189 120 82 232 95 134 388 198 
120 0 59 133 84 76 38 188 51 254 386 154 
103 59 0 192 128 33 21 145 8 237 394 95 
253 133 192 0 217 193 171 305 184 387 519 287 
189 84 128 217 0 145 107 257 120 323 302 223 
120 76 33 193 145 0 38 112 25 254 427 128 
82 38 21 171 107 38 0 150 13 216 409 116 
232 188 145 305 257 112 150 0 137 366 539 240 
95 51 8 184 120 25 13 137 0 229 402 103 
134 254 237 387 323 254 216 366 229 0 254 332 
388 386 394 519 302 427 409 539 402 254 0 299 
198 154 95 287 223 128 116 240 103 332 299 0 
57
70
26
3
24
33
25
74
6
4
18
