20
0 184 332 467 287 169 221 159 370 368 307 333 276 137 330 315 307 277 337 236 
184 0 245 380 200 62 134 72 186 281 123 246 189 321 243 182 220 190 250 149 
332 245 0 316 112 183 235 173 125 36 234 5 136 262 2 175 152 122 5 96 
467 380 316 0 204 318 370 308 375 300 289 311 191 354 314 230 224 194 321 231 
287 200 112 204 0 138 190 128 227 148 186 107 91 150 110 130 40 10 117 51 
169 62 183 318 138 0 72 10 248 219 185 184 127 288 181 166 158 128 188 87 
221 134 235 370 190 72 0 62 320 218 239 236 179 340 233 218 210 180 240 139 
159 72 173 308 128 10 62 0 258 209 177 174 117 278 171 156 148 118 178 77 
370 186 125 375 227 248 320 258 0 161 204 120 184 248 123 145 267 237 130 217 
368 281 36 300 148 219 218 209 161 0 270 41 172 298 38 211 188 158 31 132 
307 123 234 289 186 185 239 177 204 270 0 235 98 336 232 59 146 176 239 138 
333 246 5 311 107 184 236 174 120 41 235 0 137 257 3 176 147 117 10 97 
276 189 136 191 91 127 179 117 184 172 98 137 0 241 134 39 111 81 141 40 
137 321 262 354 150 288 340 278 248 298 336 257 241 0 260 280 190 160 267 201 
330 243 2 314 110 181 233 171 123 38 232 3 134 260 0 173 150 120 7 94 
315 182 175 230 130 166 218 156 145 211 59 176 39 280 173 0 150 120 180 79 
307 220 152 224 40 158 210 148 267 188 146 147 111 190 150 150 0 30 157 71 
277 190 122 194 10 128 180 118 237 158 176 117 81 160 120 120 30 0 127 41 
337 250 5 321 117 188 240 178 130 31 239 10 141 267 7 180 157 127 0 101 
236 149 96 231 51 87 139 77 217 132 138 97 40 201 94 79 71 41 101 0 
37
26
50
37
90
75
86
83
69
75
37
79
55
64
3
74
62
11
8
