20
0 171 238 257 228 313 189 223 379 262 106 232 242 170 263 164 208 156 226 364 
171 0 67 86 87 218 18 203 238 121 65 61 208 29 126 182 186 15 55 211 
238 67 0 19 154 201 49 188 305 188 132 92 169 78 157 115 253 82 86 144 
257 86 19 0 173 182 68 169 324 207 151 111 150 97 155 134 272 101 105 163 
228 87 154 173 0 275 105 255 151 178 122 89 236 86 154 247 243 72 83 280 
313 218 201 182 275 0 236 293 426 211 226 279 274 189 336 316 105 203 273 285 
189 18 49 68 105 236 0 209 256 139 83 43 190 47 108 164 204 33 37 193 
223 203 188 169 255 293 209 0 406 288 238 178 19 174 243 299 359 188 172 311 
379 238 305 324 151 426 256 406 0 329 273 240 387 237 232 398 382 223 234 276 
262 121 188 207 178 211 139 288 329 0 156 122 269 120 187 281 277 106 116 314 
106 65 132 151 122 226 83 238 273 156 0 126 257 64 191 225 121 50 120 258 
232 61 92 111 89 279 43 178 240 122 126 0 159 90 65 207 247 76 6 236 
242 208 169 150 236 274 190 19 387 269 257 159 0 193 224 284 378 207 153 313 
170 29 78 97 86 189 47 174 237 120 64 90 193 0 147 189 185 14 84 222 
263 126 157 155 154 336 108 243 232 187 191 65 224 147 0 272 312 141 71 250 
164 182 115 134 247 316 164 299 398 281 225 207 284 189 272 0 327 175 201 259 
208 186 253 272 243 105 204 359 382 277 121 247 378 185 312 327 0 171 241 379 
156 15 82 101 72 203 33 188 223 106 50 76 207 14 141 175 171 0 70 208 
226 55 86 105 83 273 37 172 234 116 120 6 153 84 71 201 241 70 0 230 
364 211 144 163 280 285 193 311 276 314 258 236 313 222 250 259 379 208 230 0 
23
41
33
24
4
64
84
99
1
26
42
20
24
54
65
48
5
100
51
