20
0 151 120 140 190 113 186 122 163 243 121 148 150 127 134 182 207 201 35 134 
151 0 89 69 137 174 35 97 132 179 236 151 125 82 109 111 176 170 186 103 
120 89 0 20 184 134 82 22 43 123 161 102 50 7 34 62 87 81 155 14 
140 69 20 0 204 154 102 28 63 110 167 82 56 13 40 42 107 101 175 34 
190 137 184 204 0 241 102 193 227 148 241 256 197 191 181 216 271 265 155 170 
113 174 134 154 241 0 139 142 91 171 106 199 128 141 130 193 221 215 86 148 
186 35 82 102 102 139 0 104 125 205 243 184 132 89 116 144 169 163 199 68 
122 97 22 28 193 142 104 0 65 138 169 110 28 15 12 70 109 103 157 36 
163 132 43 63 227 91 125 65 0 80 197 145 93 50 77 105 130 124 177 57 
243 179 123 110 148 171 205 138 80 0 277 108 151 123 135 68 210 204 221 137 
121 236 161 167 241 106 243 169 197 277 0 199 197 154 181 209 248 242 86 175 
148 151 102 82 256 199 184 110 145 108 199 0 138 95 122 40 189 183 113 116 
150 125 50 56 197 128 132 28 93 151 197 138 0 43 16 98 137 131 185 64 
127 82 7 13 191 141 89 15 50 123 154 95 43 0 27 55 94 88 162 21 
134 109 34 40 181 130 116 12 77 135 181 122 16 27 0 82 121 115 169 48 
182 111 62 42 216 193 144 70 105 68 209 40 98 55 82 0 149 143 153 76 
207 176 87 107 271 221 169 109 130 210 248 189 137 94 121 149 0 6 242 101 
201 170 81 101 265 215 163 103 124 204 242 183 131 88 115 143 6 0 236 95 
35 186 155 175 155 86 199 157 177 221 86 113 185 162 169 153 242 236 0 169 
134 103 14 34 170 148 68 36 57 137 175 116 64 21 48 76 101 95 169 0 
19
29
13
39
73
64
20
27
21
51
36
25
83
23
71
63
50
64
60
