22
0 231 97 166 200 97 71 223 63 122 189 182 259 133 84 332 38 223 115 152 179 241 
231 0 255 105 128 175 243 8 185 280 42 270 193 98 242 255 210 338 157 150 107 169 
97 255 0 150 261 194 168 247 112 25 213 85 162 183 13 235 135 272 212 201 240 302 
166 105 150 0 111 172 184 97 176 175 63 235 298 33 137 360 151 321 190 171 90 152 
200 128 261 111 0 103 195 136 187 286 134 346 321 78 248 307 162 252 93 229 21 83 
97 175 194 172 103 0 92 167 84 219 195 279 251 139 181 324 59 219 18 126 82 144 
71 243 168 184 195 92 0 235 58 193 221 253 323 204 155 353 33 218 110 147 174 236 
223 8 247 97 136 167 235 0 177 272 34 278 201 90 234 263 202 337 149 142 115 177 
63 185 112 176 187 84 58 177 0 137 197 197 265 196 125 295 25 160 102 89 166 228 
122 280 25 175 286 219 193 272 137 0 238 60 137 208 38 210 160 297 237 226 265 327 
189 42 213 63 134 195 221 34 197 238 0 298 235 56 200 297 188 327 183 108 113 175 
182 270 85 235 346 279 253 278 197 60 298 0 77 268 98 150 220 285 297 286 325 387 
259 193 162 298 321 251 323 201 265 137 235 77 0 291 175 73 290 208 233 343 300 362 
133 98 183 33 78 139 204 90 196 208 56 268 291 0 170 343 171 288 157 164 57 119 
84 242 13 137 248 181 155 234 125 38 200 98 175 170 0 248 122 285 199 214 227 289 
332 255 235 360 307 324 353 263 295 210 297 150 73 343 248 0 320 135 306 384 286 348 
38 210 135 151 162 59 33 202 25 160 188 220 290 171 122 320 0 185 77 114 141 203 
223 338 272 321 252 219 218 337 160 297 327 285 208 288 285 135 185 0 201 249 231 293 
115 157 212 190 93 18 110 149 102 237 183 297 233 157 199 306 77 201 0 144 100 162 
152 150 201 171 229 126 147 142 89 226 108 286 343 164 214 384 114 249 144 0 208 270 
179 107 240 90 21 82 174 115 166 265 113 325 300 57 227 286 141 231 100 208 0 62 
241 169 302 152 83 144 236 177 228 327 175 387 362 119 289 348 203 293 162 270 62 0 
28
75
64
69
13
49
20
96
82
25
23
86
74
43
20
98
63
47
88
62
95
