10
0 125 78 244 388 314 164 207 73 147 
125 0 57 119 398 293 143 186 52 200 
78 57 0 176 351 246 96 139 5 169 
244 119 176 0 405 297 195 193 171 206 
388 398 351 405 0 405 255 212 346 485 
314 293 246 297 405 0 150 193 241 189 
164 143 96 195 255 150 0 43 91 255 
207 186 139 193 212 193 43 0 134 298 
73 52 5 171 346 241 91 134 0 164 
147 200 169 206 485 189 255 298 164 0 
61
98
77
41
60
19
70
49
97
