10
0 387 305 316 302 373 441 223 392 287 
387 0 106 257 139 227 257 164 208 124 
305 106 0 363 33 333 323 270 314 18 
316 257 363 0 396 269 251 93 250 381 
302 139 33 396 0 358 290 303 339 15 
373 227 333 269 358 0 68 327 19 351 
441 257 323 251 290 68 0 335 49 305 
223 164 270 93 303 327 335 0 343 288 
392 208 314 250 339 19 49 343 0 332 
287 124 18 381 15 351 305 288 332 0 
52
36
95
58
16
48
88
77
24
