8
0 151 120 323 384 113 349 122 
151 0 271 474 535 264 500 273 
120 271 0 443 408 233 443 35 
323 474 443 0 104 210 69 445 
384 535 408 104 0 271 35 443 
113 264 233 210 271 0 236 235 
349 500 443 69 35 236 0 471 
122 273 35 445 443 235 471 0 
100
74
43
2
33
97
92
