15
0 229 121 214 288 261 362 212 351 287 106 211 292 140 263 
229 0 138 203 286 252 169 229 368 292 123 18 281 157 251 
121 138 0 93 197 142 271 91 230 341 15 120 171 19 174 
214 203 93 0 290 49 215 184 199 267 108 185 78 112 115 
288 286 197 290 0 294 438 288 144 538 182 287 356 216 371 
261 252 142 49 294 0 264 217 150 316 155 234 127 161 164 
362 169 271 215 438 264 0 183 414 425 256 151 293 255 100 
212 229 91 184 288 217 183 0 283 432 106 211 262 72 83 
351 368 230 199 144 150 414 283 0 466 245 350 277 211 314 
287 292 341 267 538 316 425 432 466 0 356 274 189 360 364 
106 123 15 108 182 155 256 106 245 356 0 105 186 34 189 
211 18 120 185 287 234 151 211 350 274 105 0 263 139 251 
292 281 171 78 356 127 293 262 277 189 186 263 0 190 193 
140 157 19 112 216 161 255 72 211 360 34 139 190 0 155 
263 251 174 115 371 164 100 83 314 364 189 251 193 155 0 
87
89
64
91
10
56
36
88
63
16
89
10
24
52
