40
0 160 204 231 292 166 238 174 236 230 139 226 133 230 162 171 206 161 189 190 324 111 256 242 183 214 259 199 223 233 152 214 134 194 185 171 154 219 159 206 
160 0 66 93 171 25 105 14 98 92 101 85 27 113 56 11 68 1 48 30 186 49 118 122 68 99 151 58 87 92 11 76 26 86 47 33 50 59 51 46 
204 66 0 27 149 91 116 52 32 26 135 109 71 124 100 77 2 67 67 96 120 93 129 118 90 121 116 74 78 102 77 48 72 132 19 99 116 57 97 97 
231 93 27 0 176 118 143 79 5 53 162 82 98 137 127 104 29 94 94 86 93 120 156 145 117 148 143 101 105 75 104 75 99 139 46 126 143 84 124 70 
292 171 149 176 0 196 188 157 181 123 168 167 159 196 141 182 151 172 175 175 269 181 121 191 163 194 33 147 176 160 182 121 158 218 150 171 188 193 133 191 
166 25 91 118 196 0 123 39 123 117 126 60 52 115 81 36 93 26 51 55 211 74 143 127 93 124 176 83 112 67 14 101 51 111 72 58 75 84 76 71 
238 105 116 143 188 123 0 119 148 137 156 63 105 8 126 103 118 106 121 95 176 127 155 17 83 113 155 67 38 70 116 87 104 119 97 81 98 111 79 111 
174 14 52 79 157 39 119 0 84 78 115 99 41 127 70 25 54 15 62 44 172 63 132 132 82 113 150 72 92 106 25 62 40 100 33 47 64 73 65 60 
236 98 32 5 181 123 148 84 0 58 167 87 103 142 132 100 34 99 99 81 88 125 155 150 122 153 148 106 110 80 109 80 104 144 51 122 139 83 129 65 
230 92 26 53 123 117 137 78 58 0 109 135 97 132 126 103 28 93 93 104 146 119 155 120 92 123 90 76 104 128 103 50 98 158 45 125 142 83 123 120 
139 101 135 162 168 126 156 115 167 109 0 93 128 148 157 90 137 102 149 109 255 150 197 160 153 184 135 137 166 100 112 132 127 150 148 112 129 160 152 125 
226 85 109 82 167 60 63 99 87 135 93 0 112 55 141 96 111 86 111 115 175 134 144 67 146 176 134 130 101 7 74 137 111 57 128 118 135 106 126 131 
133 27 71 98 159 52 105 41 103 97 128 112 0 97 29 38 73 28 68 57 191 22 145 109 50 81 126 66 95 119 38 81 1 61 52 60 65 86 26 73 
230 113 124 137 196 115 8 127 142 132 148 55 97 0 126 111 126 114 113 103 184 119 163 12 91 121 163 75 46 62 124 82 96 112 105 89 106 119 71 119 
162 56 100 127 141 81 126 70 132 126 157 141 29 126 0 67 102 57 97 86 220 51 147 138 43 74 108 59 88 148 67 85 30 90 81 89 94 115 55 102 
171 11 77 104 182 36 103 25 100 103 90 96 38 111 67 0 79 12 59 19 181 60 107 120 63 94 160 47 76 103 22 73 37 97 58 22 39 70 62 35 
206 68 2 29 151 93 118 54 34 28 137 111 73 126 102 79 0 69 69 98 122 95 127 120 92 123 118 76 80 104 79 50 74 134 21 101 118 55 99 99 
161 1 67 94 172 26 106 15 99 93 102 86 28 114 57 12 69 0 49 31 187 50 119 123 69 100 152 59 88 93 12 77 27 87 48 34 51 60 52 47 
189 48 67 94 175 51 121 62 99 93 149 111 68 113 97 59 69 49 0 78 187 90 163 125 116 147 142 106 135 118 37 115 67 127 86 78 95 107 42 94 
190 30 96 86 175 55 95 44 81 104 109 115 57 103 86 19 98 31 78 0 169 79 116 112 44 75 142 28 57 122 41 54 56 116 77 41 58 89 81 16 
324 186 120 93 269 211 176 172 88 146 255 175 191 184 220 181 122 187 187 169 0 213 203 193 183 213 236 167 138 168 197 168 192 232 139 159 176 131 217 153 
111 49 93 120 181 74 127 63 125 119 150 134 22 119 51 60 95 50 90 79 213 0 145 131 72 103 148 88 117 141 60 103 23 83 74 60 43 108 48 95 
256 118 129 156 121 143 155 132 155 155 197 144 145 163 147 107 127 119 163 116 203 145 0 172 104 135 88 88 117 151 129 114 144 201 143 85 102 72 169 132 
242 122 118 145 191 127 17 132 150 120 160 67 109 12 138 120 120 123 125 112 193 131 172 0 100 130 158 84 55 74 133 70 108 102 99 98 115 128 83 128 
183 68 90 117 163 93 83 82 122 92 153 146 50 91 43 63 92 69 116 44 183 72 104 100 0 31 130 16 45 153 79 42 51 111 71 85 102 127 76 60 
214 99 121 148 194 124 113 113 153 123 184 176 81 121 74 94 123 100 147 75 213 103 135 130 31 0 161 47 75 171 110 73 82 142 102 116 133 158 107 91 
259 151 116 143 33 176 155 150 148 90 135 134 126 163 108 160 118 152 142 142 236 148 88 158 130 161 0 114 143 127 162 88 125 185 117 138 155 160 100 158 
199 58 74 101 147 83 67 72 106 76 137 130 66 75 59 47 76 59 106 28 167 88 88 84 16 47 114 0 29 137 69 26 67 127 55 69 86 117 92 44 
223 87 78 105 176 112 38 92 110 104 166 101 95 46 88 76 80 88 135 57 138 117 117 55 45 75 143 29 0 108 98 55 96 156 59 98 115 135 117 73 
233 92 102 75 160 67 70 106 80 128 100 7 119 62 148 103 104 93 118 122 168 141 151 74 153 171 127 137 108 0 81 144 118 64 121 125 142 99 133 138 
152 11 77 104 182 14 116 25 109 103 112 74 38 124 67 22 79 12 37 41 197 60 129 133 79 110 162 69 98 81 0 87 37 97 58 44 61 70 62 57 
214 76 48 75 121 101 87 62 80 50 132 137 81 82 85 73 50 77 115 54 168 103 114 70 42 73 88 26 55 144 87 0 82 142 29 95 112 105 107 70 
134 26 72 99 158 51 104 40 104 98 127 111 1 96 30 37 74 27 67 56 192 23 144 108 51 82 125 67 96 118 37 82 0 60 53 59 66 85 25 72 
194 86 132 139 218 111 119 100 144 158 150 57 61 112 90 97 134 87 127 116 232 83 201 102 111 142 185 127 156 64 97 142 60 0 113 119 126 145 85 132 
185 47 19 46 150 72 97 33 51 45 148 128 52 105 81 58 21 48 86 77 139 74 143 99 71 102 117 55 59 121 58 29 53 113 0 80 97 76 78 93 
171 33 99 126 171 58 81 47 122 125 112 118 60 89 89 22 101 34 78 41 159 60 85 98 85 116 138 69 98 125 44 95 59 119 80 0 17 92 84 57 
154 50 116 143 188 75 98 64 139 142 129 135 65 106 94 39 118 51 95 58 176 43 102 115 102 133 155 86 115 142 61 112 66 126 97 17 0 109 91 74 
219 59 57 84 193 84 111 73 83 83 160 106 86 119 115 70 55 60 107 89 131 108 72 128 127 158 160 117 135 99 70 105 85 145 76 92 109 0 110 105 
159 51 97 124 133 76 79 65 129 123 152 126 26 71 55 62 99 52 42 81 217 48 169 83 76 107 100 92 117 133 62 107 25 85 78 84 91 110 0 97 
206 46 97 70 191 71 111 60 65 120 125 131 73 119 102 35 99 47 94 16 153 95 132 128 60 91 158 44 73 138 57 70 72 132 93 57 74 105 97 0 
6
100
94
28
74
74
30
15
8
58
53
78
8
37
43
34
34
72
25
95
16
96
61
28
80
85
35
44
11
70
51
66
84
34
12
24
23
75
79
