30
0 98 215 110 97 61 218 117 35 66 96 119 55 42 155 71 52 17 154 50 40 103 128 5 112 62 151 172 193 138 
98 0 206 98 125 107 264 109 63 94 84 154 43 91 143 59 150 105 142 68 58 126 150 93 100 117 215 221 185 126 
215 206 0 210 242 224 381 217 180 211 225 271 200 247 255 212 183 222 295 195 185 182 259 210 208 267 183 132 297 227 
110 98 210 0 61 119 276 11 75 106 15 121 55 86 45 39 162 111 88 80 70 28 110 105 2 97 117 123 87 28 
97 125 242 61 0 106 263 72 62 93 76 153 82 129 106 98 149 104 149 77 67 89 171 92 63 149 178 184 148 89 
61 107 224 119 106 0 157 130 44 13 105 135 64 69 164 80 113 44 163 59 49 147 140 56 121 113 212 199 206 147 
218 264 381 276 263 157 0 287 201 170 262 292 221 226 321 237 270 201 320 216 206 304 297 213 278 270 369 356 363 304 
117 109 217 11 72 130 287 0 86 117 26 132 66 75 56 50 169 100 99 91 81 35 121 112 9 108 124 130 98 35 
35 63 180 75 62 44 201 86 0 31 61 91 20 67 120 36 87 42 119 15 5 103 127 30 77 87 186 197 162 103 
66 94 211 106 93 13 170 117 31 0 92 122 51 82 151 67 118 57 150 46 36 134 127 61 108 118 217 212 193 134 
96 84 225 15 76 105 262 26 61 92 0 106 41 101 60 54 148 103 73 66 56 43 95 91 17 112 132 138 102 43 
119 154 271 121 153 135 292 132 91 122 106 0 111 154 166 118 118 129 179 106 96 149 201 117 123 60 126 244 208 149 
55 43 200 55 82 64 221 66 20 51 41 111 0 87 100 16 107 62 99 25 15 83 107 50 57 74 172 178 142 83 
42 91 247 86 129 69 226 75 67 82 101 154 87 0 131 103 94 25 174 82 72 110 136 37 84 94 169 168 173 110 
155 143 255 45 106 164 321 56 120 151 60 166 100 131 0 84 207 156 95 125 115 73 155 150 47 142 162 168 63 73 
71 59 212 39 98 80 237 50 36 67 54 118 16 103 84 0 123 78 83 41 31 67 91 66 41 58 156 162 126 67 
52 150 183 162 149 113 270 169 87 118 148 118 107 94 207 123 0 69 206 102 92 155 180 57 164 114 99 167 245 190 
17 105 222 111 104 44 201 100 42 57 103 129 62 25 156 78 69 0 161 57 47 110 111 12 109 69 168 155 198 135 
154 142 295 88 149 163 320 99 119 150 73 179 99 174 95 83 206 161 0 124 114 116 168 149 90 141 205 211 158 116 
50 68 195 80 77 59 216 91 15 46 66 106 25 82 125 41 102 57 124 0 10 108 132 45 82 99 197 203 167 108 
40 58 185 70 67 49 206 81 5 36 56 96 15 72 115 31 92 47 114 10 0 98 122 35 72 89 187 193 157 98 
103 126 182 28 89 147 304 35 103 134 43 149 83 110 73 67 155 110 116 108 98 0 138 98 26 125 89 147 115 52 
128 150 259 110 171 140 297 121 127 127 95 201 107 136 155 91 180 111 168 132 122 138 0 123 112 149 92 127 197 138 
5 93 210 105 92 56 213 112 30 61 91 117 50 37 150 66 57 12 149 45 35 98 123 0 107 57 156 167 192 133 
112 100 208 2 63 121 278 9 77 108 17 123 57 84 47 41 164 109 90 82 72 26 112 107 0 99 115 121 89 26 
62 117 267 97 149 113 270 108 87 118 112 60 74 94 142 58 114 69 141 99 89 125 149 57 99 0 186 220 184 125 
151 215 183 117 178 212 369 124 186 217 132 126 172 169 162 156 99 168 205 197 187 89 92 156 115 186 0 219 204 141 
172 221 132 123 184 199 356 130 197 212 138 244 178 168 168 162 167 155 211 203 193 147 127 167 121 220 219 0 210 95 
193 185 297 87 148 206 363 98 162 193 102 208 142 173 63 126 245 198 158 167 157 115 197 192 89 184 204 210 0 115 
138 126 227 28 89 147 304 35 103 134 43 149 83 110 73 67 190 135 116 108 98 52 138 133 26 125 141 95 115 0 
3
7
54
72
36
51
61
92
50
62
100
7
62
36
61
6
1
40
94
86
18
70
96
23
79
8
78
31
42
