20
0 321 227 229 99 318 114 226 46 159 256 87 153 194 210 247 66 117 215 289 
321 0 304 113 331 561 207 321 318 236 266 359 246 148 312 324 255 225 310 32 
227 304 0 282 326 276 269 287 273 68 273 255 308 283 227 20 293 344 276 272 
229 113 282 0 250 480 287 208 275 349 153 316 326 35 199 298 239 112 197 145 
99 331 326 250 0 230 164 233 53 258 272 94 203 215 226 346 116 138 222 339 
318 561 276 480 230 0 394 463 283 344 502 324 433 445 456 256 346 368 452 548 
114 207 269 287 164 394 0 252 111 273 238 152 39 252 192 289 48 231 241 175 
226 321 287 208 233 463 252 0 180 355 106 192 291 243 60 307 204 244 11 353 
46 318 273 275 53 283 111 180 0 205 219 41 150 240 173 293 63 163 169 286 
159 236 68 349 258 344 273 355 205 0 341 187 312 351 295 88 225 276 344 204 
256 266 273 153 272 502 238 106 219 341 0 178 277 188 46 293 190 230 95 298 
87 359 255 316 94 324 152 192 41 187 178 0 191 281 132 275 104 204 181 327 
153 246 308 326 203 433 39 291 150 312 277 191 0 291 231 328 87 270 280 214 
194 148 283 35 215 445 252 243 240 351 188 281 291 0 234 263 204 77 232 180 
210 312 227 199 226 456 192 60 173 295 46 132 231 234 0 247 144 184 49 344 
247 324 20 298 346 256 289 307 293 88 293 275 328 263 247 0 313 340 296 292 
66 255 293 239 116 346 48 204 63 225 190 104 87 204 144 313 0 183 193 223 
117 225 344 112 138 368 231 244 163 276 230 204 270 77 184 340 183 0 233 257 
215 310 276 197 222 452 241 11 169 344 95 181 280 232 49 296 193 233 0 342 
289 32 272 145 339 548 175 353 286 204 298 327 214 180 344 292 223 257 342 0 
23
3
54
4
57
28
12
56
9
77
67
29
45
50
49
25
42
46
73
