35
0 184 191 200 212 207 178 159 292 173 225 179 260 137 187 225 186 201 181 144 189 214 201 62 239 222 186 219 123 148 220 215 230 136 242 
184 0 194 234 172 132 174 177 109 188 151 153 134 140 172 118 2 120 184 133 5 107 204 246 113 38 197 133 198 173 162 175 155 211 135 
191 194 0 103 41 144 95 171 190 102 138 204 107 54 104 169 192 171 10 61 199 158 10 253 100 156 206 120 141 127 152 44 204 154 130 
200 234 103 0 62 165 178 212 292 127 159 187 142 137 125 179 236 155 93 144 229 168 113 178 121 208 149 141 77 102 173 65 184 90 195 
212 172 41 62 0 103 116 159 230 123 97 207 80 75 63 172 174 174 31 82 167 161 51 240 59 146 165 79 100 125 111 3 175 113 133 
207 132 144 165 103 0 103 105 241 154 39 115 98 144 40 80 130 82 134 151 137 69 154 188 77 94 159 62 104 129 30 100 115 117 41 
178 174 95 178 116 103 0 121 196 89 99 174 82 41 127 165 176 141 85 48 169 154 105 231 61 143 191 41 139 114 73 119 137 150 135 
159 177 171 212 159 105 121 0 272 105 66 90 121 117 145 81 179 57 161 124 172 70 181 207 100 199 134 80 135 110 112 162 172 148 98 
292 109 190 292 230 241 196 272 0 203 250 252 233 155 281 217 111 219 199 148 104 206 200 354 212 147 296 232 240 228 264 233 254 227 234 
173 188 102 127 123 154 89 105 203 0 140 111 171 48 114 102 186 78 92 55 193 91 112 228 150 150 155 130 50 25 162 126 107 61 119 
225 151 138 159 97 39 99 66 250 140 0 154 59 140 79 119 153 121 128 147 146 108 148 227 38 133 161 58 119 144 69 100 154 132 80 
179 153 204 187 207 115 174 90 252 111 154 0 169 159 155 57 155 33 203 166 148 46 194 117 148 140 44 158 110 86 145 206 148 97 74 
260 134 107 142 80 98 82 121 233 171 59 169 0 123 127 134 136 136 111 130 129 123 117 231 21 172 191 41 178 178 73 83 137 191 95 
137 140 54 137 75 144 41 117 155 48 140 159 123 0 138 150 138 126 44 7 145 139 64 199 102 102 203 82 98 73 114 78 155 109 167 
187 172 104 125 63 40 127 145 281 114 79 155 127 138 0 120 170 122 94 145 177 109 114 212 106 134 199 86 64 89 54 60 155 77 81 
225 118 169 179 172 80 165 81 217 102 119 57 134 150 120 0 120 24 179 157 113 11 159 174 113 156 101 133 102 77 110 175 113 115 39 
186 2 192 236 174 130 176 179 111 186 153 155 136 138 170 120 0 122 182 131 7 109 202 248 115 36 199 135 200 175 160 177 157 213 137 
201 120 171 155 174 82 141 57 219 78 121 33 136 126 122 24 122 0 170 133 115 13 161 150 115 158 77 135 78 53 112 175 115 91 41 
181 184 10 93 31 134 85 161 199 92 128 203 111 44 94 179 182 170 0 51 189 168 20 243 90 146 196 110 131 117 142 34 199 144 140 
144 133 61 144 82 151 48 124 148 55 147 166 130 7 145 157 131 133 51 0 138 146 71 206 109 95 210 89 105 80 121 85 162 116 174 
189 5 199 229 167 137 169 172 104 193 146 148 129 145 177 113 7 115 189 138 0 102 209 251 108 43 192 128 193 168 160 170 150 206 130 
214 107 158 168 161 69 154 70 206 91 108 46 123 139 109 11 109 13 168 146 102 0 148 163 102 145 90 122 91 66 99 164 102 104 28 
201 204 10 113 51 154 105 181 200 112 148 194 117 64 114 159 202 161 20 71 209 148 0 263 110 166 216 130 151 137 162 54 194 164 120 
62 246 253 178 240 188 231 207 354 228 227 117 231 199 212 174 248 150 243 206 251 163 263 0 210 257 161 190 185 203 158 243 265 198 191 
239 113 100 121 59 77 61 100 212 150 38 148 21 102 106 113 115 115 90 109 108 102 110 210 0 151 170 20 157 168 52 62 116 170 74 
222 38 156 208 146 94 143 199 147 150 133 140 172 102 134 156 36 158 146 95 43 145 166 257 151 0 184 156 198 175 124 149 193 211 135 
186 197 206 149 165 159 191 134 296 155 161 44 191 203 199 101 199 77 196 210 192 90 216 161 170 184 0 150 154 130 182 162 192 141 118 
219 133 120 141 79 62 41 80 232 130 58 158 41 82 86 133 135 135 110 89 128 122 130 190 20 156 150 0 150 155 32 82 96 163 94 
123 198 141 77 100 104 139 135 240 50 119 110 178 98 64 102 200 78 131 105 193 91 151 185 157 198 154 150 0 25 118 97 107 13 119 
148 173 127 102 125 129 114 110 228 25 144 86 178 73 89 77 175 53 117 80 168 66 137 203 168 175 130 155 25 0 143 122 82 38 94 
220 162 152 173 111 30 73 112 264 162 69 145 73 114 54 110 160 112 142 121 160 99 162 158 52 124 182 32 118 143 0 114 128 131 71 
215 175 44 65 3 100 119 162 233 126 100 206 83 78 60 175 177 175 34 85 170 164 54 243 62 149 162 82 97 122 114 0 178 110 136 
230 155 204 184 175 115 137 172 254 107 154 148 137 155 155 113 157 115 199 162 150 102 194 265 116 193 192 96 107 82 128 178 0 120 74 
136 211 154 90 113 117 150 148 227 61 132 97 191 109 77 115 213 91 144 116 206 104 164 198 170 211 141 163 13 38 131 110 120 0 132 
242 135 130 195 133 41 135 98 234 119 80 74 95 167 81 39 137 41 140 174 130 28 120 191 74 135 118 94 119 94 71 136 74 132 0 
43
83
57
36
72
99
29
16
84
7
95
8
55
70
38
39
71
73
44
87
15
78
28
91
76
79
35
23
26
34
96
90
1
91
