17
0 195 78 66 112 212 184 265 46 159 147 96 126 85 277 146 66 
195 0 117 169 307 343 113 331 149 354 342 199 229 188 354 185 261 
78 117 0 52 190 290 170 279 32 237 225 82 112 71 237 68 144 
66 169 52 0 178 278 158 227 20 225 213 70 100 59 289 120 132 
112 307 190 178 0 136 296 153 158 83 35 208 238 197 165 197 178 
212 343 290 278 136 0 230 207 258 53 101 239 206 228 231 291 278 
184 113 170 158 296 230 0 385 138 283 331 188 218 177 407 238 250 
265 331 279 227 153 207 385 0 247 236 188 256 308 267 318 330 295 
46 149 32 20 158 258 138 247 0 205 193 50 80 39 269 100 112 
159 354 237 225 83 53 283 236 205 0 48 186 216 175 178 238 225 
147 342 225 213 35 101 331 188 193 48 0 234 264 223 130 232 213 
96 199 82 70 208 239 188 256 50 186 234 0 52 11 243 74 162 
126 229 112 100 238 206 218 308 80 216 264 52 0 41 273 104 192 
85 188 71 59 197 228 177 267 39 175 223 11 41 0 232 63 151 
277 354 237 289 165 231 407 318 269 178 130 243 273 232 0 169 343 
146 185 68 120 197 291 238 330 100 238 232 74 104 63 169 0 212 
66 261 144 132 178 278 250 295 112 225 213 162 192 151 343 212 0 
61
91
32
64
60
63
64
69
46
90
96
63
25
9
82
12
