17
0 184 388 161 391 207 256 159 246 393 328 166 257 137 243 471 221 
184 0 395 191 268 189 72 193 62 383 280 186 82 123 263 330 255 
388 395 0 227 493 449 381 229 391 373 394 222 371 272 299 318 291 
161 191 227 0 276 232 164 2 174 232 167 5 154 227 82 358 64 
391 268 493 276 0 344 300 278 310 191 372 271 310 254 194 558 340 
207 189 449 232 344 0 117 234 127 428 328 227 107 227 150 264 296 
256 72 381 164 300 117 0 166 10 311 228 159 10 130 236 258 224 
159 193 229 2 278 234 166 0 176 234 169 7 156 229 84 356 62 
246 62 391 174 310 127 10 176 0 321 218 169 20 140 246 268 234 
393 383 373 232 191 428 311 234 321 0 399 237 321 441 314 526 177 
328 280 394 167 372 328 228 169 218 399 0 172 238 323 178 486 231 
166 186 222 5 271 227 159 7 169 237 172 0 149 222 77 363 69 
257 82 371 154 310 107 10 156 20 321 238 149 0 120 226 248 214 
137 123 272 227 254 227 130 229 140 441 323 222 120 0 145 368 291 
243 263 299 82 194 150 236 84 246 314 178 77 226 145 0 414 146 
471 330 318 358 558 264 258 356 268 526 486 363 248 368 414 0 418 
221 255 291 64 340 296 224 62 234 177 231 69 214 291 146 418 0 
75
15
28
98
93
11
37
97
6
89
66
13
35
23
36
61
