8
0 440 498 418 334 373 316 223 
440 0 270 287 106 468 124 217 
498 270 0 263 164 208 182 275 
418 287 263 0 393 471 411 407 
334 106 164 393 0 362 18 111 
373 468 208 471 362 0 344 251 
316 124 182 411 18 344 0 93 
223 217 275 407 111 251 93 0 
81
5
76
60
36
67
98
