35
0 82 101 59 87 119 82 166 64 134 42 236 41 63 84 57 38 76 83 83 95 104 62 87 93 92 51 8 51 99 75 87 23 33 107 
82 0 142 59 87 136 140 107 64 216 48 236 41 85 112 25 44 102 113 83 13 66 62 117 104 92 133 90 51 121 81 98 105 93 63 
101 142 0 145 81 33 137 171 104 226 134 230 127 57 172 117 130 97 55 123 155 109 106 59 87 170 136 93 117 21 167 81 108 118 106 
59 59 145 0 64 116 117 166 41 193 25 213 18 94 82 34 21 79 90 60 72 125 39 94 93 33 102 59 28 124 58 87 74 34 122 
87 87 81 64 0 102 145 194 69 221 53 149 46 96 146 62 49 107 94 88 100 153 25 98 121 89 138 95 56 60 86 115 103 98 150 
119 136 33 116 102 0 165 138 121 225 105 251 98 56 163 114 101 96 88 108 149 76 77 92 86 149 154 111 108 54 138 80 126 136 73 
82 140 137 117 145 165 0 247 76 216 106 294 99 145 166 115 102 158 125 57 153 186 120 129 174 150 133 90 89 135 139 168 105 115 189 
166 107 171 166 194 138 247 0 171 201 155 343 148 192 155 132 151 196 194 190 120 62 169 198 188 199 201 158 158 160 188 182 143 183 65 
64 64 104 41 69 121 76 171 0 198 30 218 23 99 123 39 26 84 49 19 77 130 44 53 98 74 115 72 13 83 63 92 87 75 127 
134 216 226 193 221 225 216 201 198 0 176 340 175 169 200 191 172 209 217 217 229 238 196 221 151 226 185 142 185 205 209 145 157 167 241 
42 48 134 25 53 105 106 155 30 176 0 202 7 83 107 23 4 62 79 49 61 114 28 83 68 58 93 50 17 113 41 62 65 59 111 
236 236 230 213 149 251 294 343 218 340 202 0 195 219 295 211 198 256 243 237 249 302 174 247 189 238 287 244 205 209 192 195 252 247 299 
41 41 127 18 46 98 99 148 23 175 7 195 0 76 100 16 3 61 72 42 54 107 21 76 75 51 92 49 10 106 40 69 64 52 104 
63 85 57 94 96 56 145 192 99 169 83 219 76 0 147 60 79 40 70 118 98 132 97 74 30 127 98 55 86 36 116 24 70 80 129 
84 112 172 82 146 163 166 155 123 200 107 295 100 147 0 116 103 160 167 142 125 93 121 171 175 115 135 92 110 183 140 169 107 116 90 
57 25 117 34 62 114 115 132 39 191 23 211 16 60 116 0 19 77 88 58 38 91 37 92 79 67 108 65 26 96 56 73 80 68 88 
38 44 130 21 49 101 102 151 26 172 4 198 3 79 103 19 0 58 75 45 57 110 24 79 72 54 89 46 13 109 37 66 61 55 107 
76 102 97 79 107 96 158 196 84 209 62 256 61 40 160 77 58 0 110 103 115 134 82 114 70 112 111 68 71 76 95 64 53 93 137 
83 113 55 90 94 88 125 194 49 217 79 243 72 70 167 88 75 110 0 68 126 141 93 4 100 123 118 75 62 34 112 94 60 100 144 
83 83 123 60 88 108 57 190 19 217 49 237 42 118 142 58 45 103 68 0 96 149 63 72 117 93 134 91 32 102 82 111 106 94 146 
95 13 155 72 100 149 153 120 77 229 61 249 54 98 125 38 57 115 126 96 0 79 75 130 117 105 146 103 64 134 94 111 118 106 76 
104 66 109 125 153 76 186 62 130 238 114 302 107 132 93 91 110 134 141 149 79 0 128 145 126 158 139 96 117 130 147 120 81 121 3 
62 62 106 39 25 77 120 169 44 196 28 174 21 97 121 37 24 82 93 63 75 128 0 97 96 72 113 70 31 85 61 90 78 73 125 
87 117 59 94 98 92 129 198 53 221 83 247 76 74 171 92 79 114 4 72 130 145 97 0 104 127 122 79 66 38 116 98 64 104 148 
93 104 87 93 121 86 174 188 98 151 68 189 75 30 175 79 72 70 100 117 117 126 96 104 0 126 128 85 85 66 109 6 100 110 129 
92 92 170 33 89 149 150 199 74 226 58 238 51 127 115 67 54 112 123 93 105 158 72 127 126 0 135 92 61 149 91 120 107 67 155 
51 133 136 102 138 154 133 201 115 185 93 287 92 98 135 108 89 111 118 134 146 139 113 122 128 135 0 43 102 134 126 122 58 68 142 
8 90 93 59 95 111 90 158 72 142 50 244 49 55 92 65 46 68 75 91 103 96 70 79 85 92 43 0 59 91 83 79 15 25 99 
51 51 117 28 56 108 89 158 13 185 17 205 10 86 110 26 13 71 62 32 64 117 31 66 85 61 102 59 0 96 50 79 74 62 114 
99 121 21 124 60 54 135 160 83 205 113 209 106 36 183 96 109 76 34 102 134 130 85 38 66 149 134 91 96 0 146 60 94 116 127 
75 81 167 58 86 138 139 188 63 209 41 192 40 116 140 56 37 95 112 82 94 147 61 116 109 91 126 83 50 146 0 103 98 92 144 
87 98 81 87 115 80 168 182 92 145 62 195 69 24 169 73 66 64 94 111 111 120 90 98 6 120 122 79 79 60 103 0 94 104 123 
23 105 108 74 103 126 105 143 87 157 65 252 64 70 107 80 61 53 60 106 118 81 78 64 100 107 58 15 74 94 98 94 0 40 84 
33 93 118 34 98 136 115 183 75 167 59 247 52 80 116 68 55 93 100 94 106 121 73 104 110 67 68 25 62 116 92 104 40 0 124 
107 63 106 122 150 73 189 65 127 241 111 299 104 129 90 88 107 137 144 146 76 3 125 148 129 155 142 99 114 127 144 123 84 124 0 
60
91
24
74
97
30
64
4
22
33
99
72
94
88
44
87
24
80
6
36
11
72
41
65
32
32
15
62
50
73
2
37
25
82
