12
0 171 207 97 387 333 542 225 180 371 123 252 
171 0 220 110 261 303 416 238 193 384 84 265 
207 220 0 110 400 346 555 238 193 164 136 261 
97 110 110 0 290 236 445 128 83 274 26 155 
387 261 400 290 0 383 155 418 373 431 264 314 
333 303 346 236 383 0 520 108 319 510 219 391 
542 416 555 445 155 520 0 412 528 586 419 469 
225 238 238 128 418 108 412 0 211 402 154 283 
180 193 193 83 373 319 528 211 0 284 109 139 
371 384 164 274 431 510 586 402 284 0 300 145 
123 84 136 26 264 219 419 154 109 300 0 181 
252 265 261 155 314 391 469 283 139 145 181 0 
40
94
11
77
59
92
79
63
58
96
88
