40
0 107 178 191 102 191 225 159 188 167 157 105 168 137 193 112 207 173 164 136 234 157 165 62 161 240 186 263 123 207 150 222 218 193 196 164 169 175 159 132 
107 0 138 94 5 118 149 106 128 77 65 2 140 109 153 5 100 135 67 44 137 129 148 45 69 189 107 166 57 113 122 125 126 115 99 72 66 78 56 35 
178 138 0 79 133 69 92 158 10 110 138 136 10 41 35 143 110 68 71 117 194 21 63 166 120 62 144 173 130 114 28 132 197 48 165 145 141 85 94 103 
191 94 79 0 89 131 151 145 69 161 149 92 89 77 94 99 120 51 91 128 145 97 122 129 138 141 201 156 141 97 90 115 180 31 183 156 97 68 130 59 
102 5 133 89 0 113 144 107 123 72 60 3 141 110 148 10 105 130 62 39 132 130 143 40 64 189 112 161 52 118 123 120 121 110 94 67 67 73 57 30 
191 118 69 131 113 0 161 117 79 41 95 116 59 54 104 123 41 90 137 74 141 48 132 153 99 131 171 142 85 69 41 154 156 110 139 102 143 147 107 105 
225 149 92 151 144 161 0 66 82 138 117 147 102 133 57 154 142 140 143 105 154 113 85 184 80 154 132 187 118 114 120 204 187 120 161 124 211 157 186 174 
159 106 158 145 107 117 66 0 148 158 148 104 168 170 123 111 76 134 169 146 200 165 151 147 146 220 140 121 159 48 158 162 228 114 192 155 168 123 158 137 
188 128 10 69 123 79 82 148 0 120 148 126 20 51 25 133 120 58 61 127 204 31 53 156 130 72 154 163 140 104 38 122 187 38 175 155 131 75 104 93 
167 77 110 161 72 41 138 158 120 0 54 75 100 95 145 82 82 131 107 33 132 89 173 112 58 117 130 140 44 110 82 181 115 151 98 61 139 145 129 102 
157 65 138 149 60 95 117 148 148 54 0 63 128 132 173 70 136 141 95 21 120 117 201 100 46 156 118 194 34 164 124 173 103 153 44 7 127 133 79 90 
105 2 136 92 3 116 147 104 126 75 63 0 138 107 151 7 102 133 65 42 135 127 146 43 67 191 109 164 55 115 120 123 124 113 97 70 64 76 54 33 
168 140 10 89 141 59 102 168 20 100 128 138 0 31 45 145 100 67 81 107 184 11 73 176 110 72 154 183 120 124 18 142 189 58 155 135 140 95 84 113 
137 109 41 77 110 54 133 170 51 95 132 107 31 0 76 114 95 36 112 116 155 20 104 150 119 103 185 181 129 122 13 140 198 56 164 125 149 93 53 136 
193 153 35 94 148 104 57 123 25 145 173 151 45 76 0 158 145 83 86 152 211 56 28 131 137 97 179 188 165 129 63 147 212 63 200 180 156 100 129 118 
112 5 143 99 10 123 154 111 133 82 70 7 145 114 158 0 95 140 72 49 142 134 153 50 74 184 102 171 62 108 127 130 131 120 104 77 71 83 61 40 
207 100 110 120 105 41 142 76 120 82 136 102 100 95 145 95 0 114 167 115 180 89 173 145 140 172 197 101 126 28 82 113 197 94 180 143 166 131 148 135 
173 135 68 51 130 90 140 134 58 131 141 133 67 36 83 140 114 0 119 120 191 56 111 170 127 130 158 145 133 86 49 104 169 20 185 148 138 57 89 100 
164 67 71 91 62 137 143 169 61 107 95 65 81 112 86 72 167 119 0 74 173 92 114 102 99 133 171 163 87 150 99 122 156 99 139 102 70 75 119 32 
136 44 117 128 39 74 105 146 127 33 21 42 107 116 152 49 115 120 74 0 99 96 180 79 25 150 97 173 13 143 103 159 82 132 65 28 106 112 96 69 
234 137 194 145 132 141 154 200 204 132 120 135 184 155 211 142 180 191 173 99 0 173 239 172 74 231 196 79 112 152 168 120 181 176 164 127 198 167 102 162 
157 129 21 97 130 48 113 165 31 89 117 127 11 20 56 134 89 56 92 96 173 0 84 170 99 83 165 182 109 117 7 141 178 69 144 124 129 106 73 124 
165 148 63 122 143 132 85 151 53 173 201 146 73 104 28 153 173 111 114 180 239 84 0 103 165 125 207 216 193 157 91 175 240 91 228 208 184 128 157 146 
62 45 166 129 40 153 184 147 156 112 100 43 176 150 131 50 145 170 102 79 172 170 103 0 104 228 152 201 92 158 163 160 161 150 134 107 107 113 97 70 
161 69 120 138 64 99 80 146 130 58 46 67 110 119 137 74 140 127 99 25 74 99 165 104 0 175 122 153 38 168 106 184 107 107 90 53 131 137 121 94 
240 189 62 141 189 131 154 220 72 117 156 191 72 103 97 184 172 130 133 150 231 83 125 228 175 0 82 152 161 176 90 193 232 110 200 163 129 147 156 165 
186 107 144 201 112 171 132 140 154 130 118 109 154 185 179 102 197 158 171 97 196 165 207 152 122 82 0 234 110 188 172 232 179 178 162 125 173 185 163 142 
263 166 173 156 161 142 187 121 163 140 194 164 183 181 188 171 101 145 163 173 79 182 216 201 153 152 234 0 184 73 175 41 255 125 170 201 169 88 181 131 
123 57 130 141 52 85 118 159 140 44 34 55 120 129 165 62 126 133 87 13 112 109 193 92 38 161 110 184 0 154 116 172 95 145 78 41 106 125 85 82 
207 113 114 97 118 69 114 48 104 110 164 115 124 122 129 108 28 86 150 143 152 117 157 158 168 176 188 73 154 0 110 114 215 66 208 171 179 103 169 146 
150 122 28 90 123 41 120 158 38 82 124 120 18 13 63 127 82 49 99 103 168 7 91 163 106 90 172 175 116 110 0 134 185 69 151 131 136 106 66 131 
222 125 132 115 120 154 204 162 122 181 173 123 142 140 147 130 113 104 122 159 120 141 175 160 184 193 232 41 172 114 134 0 233 84 129 180 128 47 177 90 
218 126 197 180 121 156 187 228 187 115 103 124 189 198 212 131 197 169 156 82 181 178 240 161 107 232 179 255 95 215 185 233 0 149 147 110 141 186 178 151 
193 115 48 31 110 110 120 114 38 151 153 113 58 56 63 120 94 20 99 132 176 69 91 150 107 110 178 125 145 66 69 84 149 0 197 160 118 37 109 80 
196 99 165 183 94 139 161 192 175 98 44 97 155 164 200 104 180 185 139 65 164 144 228 134 90 200 162 170 78 208 151 129 147 197 0 51 161 167 123 124 
164 72 145 156 67 102 124 155 155 61 7 70 135 125 180 77 143 148 102 28 127 124 208 107 53 163 125 201 41 171 131 180 110 160 51 0 134 140 72 97 
169 66 141 97 67 143 211 168 131 139 127 64 140 149 156 71 166 138 70 106 198 129 184 107 131 129 173 169 106 179 136 128 141 118 161 134 0 81 118 38 
175 78 85 68 73 147 157 123 75 145 133 76 95 93 100 83 131 57 75 112 167 106 128 113 137 147 185 88 125 103 106 47 186 37 167 140 81 0 130 43 
159 56 94 130 57 107 186 158 104 129 79 54 84 53 129 61 148 89 119 96 102 73 157 97 121 156 163 181 85 169 66 177 178 109 123 72 118 130 0 87 
132 35 103 59 30 105 174 137 93 102 90 33 113 136 118 40 135 100 32 69 162 124 146 70 94 165 142 131 82 146 131 90 151 80 124 97 38 43 87 0 
78
36
27
68
66
7
76
27
22
18
48
18
55
72
16
27
41
93
90
16
98
29
59
82
58
70
47
38
84
54
81
86
88
33
2
52
31
8
15
