22
0 171 281 97 226 246 236 338 242 300 120 288 190 238 199 188 326 197 212 247 84 341 
171 0 110 230 55 119 226 265 164 173 191 217 80 224 128 82 320 26 102 241 155 270 
281 110 0 253 165 178 314 324 108 232 301 219 190 316 238 192 408 136 212 329 265 294 
97 230 253 0 241 177 139 241 145 231 217 191 265 141 102 263 229 256 267 150 181 244 
226 55 165 241 0 64 229 210 134 118 225 228 83 227 139 85 298 29 105 219 189 281 
246 119 178 177 64 0 170 146 70 54 198 164 122 172 75 124 234 93 144 155 162 217 
236 226 314 139 229 170 0 102 225 194 292 214 150 2 241 152 94 200 128 15 256 289 
338 265 324 241 210 146 102 0 216 92 344 310 252 100 221 254 196 239 230 117 308 339 
242 164 108 145 134 70 225 216 0 124 268 234 162 223 145 160 304 163 184 225 232 287 
300 173 232 231 118 54 194 92 124 0 252 218 176 192 129 178 288 147 198 209 216 247 
120 191 301 217 225 198 292 344 268 252 0 222 142 294 133 140 386 196 164 307 36 275 
288 217 219 191 228 164 214 310 234 218 222 0 252 216 89 250 308 236 273 229 258 75 
190 80 190 265 83 122 150 252 162 176 142 252 0 152 163 2 244 54 22 165 106 285 
238 224 316 141 227 172 2 100 223 192 294 216 152 0 243 154 96 198 130 17 258 291 
199 128 238 102 139 75 241 221 145 129 133 89 163 243 0 161 309 154 184 230 169 142 
188 82 192 263 85 124 152 254 160 178 140 250 2 154 161 0 246 56 24 167 104 287 
326 320 408 229 298 234 94 196 304 288 386 308 244 96 309 246 0 294 222 79 350 383 
197 26 136 256 29 93 200 239 163 147 196 236 54 198 154 56 294 0 76 215 160 296 
212 102 212 267 105 144 128 230 184 198 164 273 22 130 184 24 222 76 0 143 128 263 
247 241 329 150 219 155 15 117 225 209 307 229 165 17 230 167 79 215 143 0 271 304 
84 155 265 181 189 162 256 308 232 216 36 258 106 258 169 104 350 160 128 271 0 311 
341 270 294 244 281 217 289 339 287 247 275 75 285 291 142 287 383 296 263 304 311 0 
11
99
49
43
47
7
74
85
35
17
94
38
14
64
71
46
20
94
64
8
31
