22
0 128 239 116 78 120 87 55 79 108 45 14 25 209 131 183 133 72 64 133 148 174 
128 0 215 201 206 182 183 155 179 146 83 114 125 309 101 223 225 56 185 5 210 75 
239 215 0 346 317 281 298 266 290 291 228 225 236 420 316 279 344 201 303 220 309 290 
116 201 346 0 91 101 203 171 78 55 118 130 141 208 247 182 24 145 52 206 129 162 
78 206 317 91 0 42 165 92 157 146 123 92 103 287 195 261 115 150 39 211 70 149 
120 182 281 101 42 0 123 134 129 156 153 134 145 259 237 233 77 126 81 187 28 191 
87 183 298 203 165 123 0 92 138 167 104 73 62 207 168 242 192 131 151 178 95 248 
55 155 266 171 92 134 92 0 106 135 72 41 30 236 136 210 160 99 119 160 162 229 
79 179 290 78 157 129 138 106 0 133 96 65 76 130 182 104 54 123 130 184 101 240 
108 146 291 55 146 156 167 135 133 0 63 94 105 263 211 176 79 90 107 151 131 217 
45 83 228 118 123 153 104 72 96 63 0 31 42 226 148 200 142 27 108 88 181 158 
14 114 225 130 92 134 73 41 65 94 31 0 11 195 117 169 119 58 78 119 162 188 
25 125 236 141 103 145 62 30 76 105 42 11 0 206 106 180 130 69 89 130 157 199 
209 309 420 208 287 259 207 236 130 263 226 195 206 0 312 234 184 253 260 314 231 370 
131 101 316 247 195 237 168 136 182 211 148 117 106 312 0 286 236 157 195 96 263 166 
183 223 279 182 261 233 242 210 104 176 200 169 180 234 286 0 158 227 234 218 205 148 
133 225 344 24 115 77 192 160 54 79 142 119 130 184 236 158 0 169 76 230 105 186 
72 56 201 145 150 126 131 99 123 90 27 58 69 253 157 227 169 0 135 61 154 131 
64 185 303 52 39 81 151 119 130 107 108 78 89 260 195 234 76 135 0 180 109 110 
133 5 220 206 211 187 178 160 184 151 88 119 130 314 96 218 230 61 180 0 215 70 
148 210 309 129 70 28 95 162 101 131 181 162 157 231 263 205 105 154 109 215 0 219 
174 75 290 162 149 191 248 229 240 217 158 188 199 370 166 148 186 131 110 70 219 0 
28
75
64
69
13
49
20
96
82
25
23
86
74
43
20
98
63
47
88
62
95
