17
0 208 299 280 147 93 111 195 157 102 235 176 73 274 87 88 154 
208 0 144 98 306 122 224 13 161 113 195 136 146 234 128 161 158 
299 144 0 46 408 235 188 131 257 244 176 233 264 279 241 279 254 
280 98 46 0 373 189 234 85 212 198 222 187 218 285 195 233 209 
147 306 408 373 0 184 258 319 304 193 232 291 220 389 178 235 301 
93 122 235 189 184 0 186 135 186 9 264 205 102 303 6 87 183 
111 224 188 234 258 186 0 211 69 177 147 88 84 186 192 99 66 
195 13 131 85 319 135 211 0 148 126 208 149 133 247 141 148 145 
157 161 257 212 304 186 69 148 0 177 84 25 84 123 192 99 3 
102 113 244 198 193 9 177 126 177 0 255 196 93 294 15 78 174 
235 195 176 222 232 264 147 208 84 255 0 59 162 157 270 177 81 
176 136 233 187 291 205 88 149 25 196 59 0 103 98 211 118 22 
73 146 264 218 220 102 84 133 84 93 162 103 0 201 108 15 81 
274 234 279 285 389 303 186 247 123 294 157 98 201 0 309 216 120 
87 128 241 195 178 6 192 141 192 15 270 211 108 309 0 93 189 
88 161 279 233 235 87 99 148 99 78 177 118 15 216 93 0 96 
154 158 254 209 301 183 66 145 3 174 81 22 81 120 189 96 0 
86
47
29
32
73
80
42
89
24
83
79
58
95
33
5
89
