40
0 104 78 106 88 89 82 70 54 119 84 81 139 69 75 117 38 87 84 57 131 72 32 79 85 50 158 8 54 41 95 137 99 96 204 81 94 81 131 116 
104 0 73 58 133 134 154 44 86 87 25 28 95 114 39 13 66 46 92 52 224 67 77 35 56 82 149 101 76 63 131 85 33 55 199 37 89 52 126 103 
78 73 0 81 102 103 160 34 68 83 48 45 94 83 42 86 79 69 115 21 193 36 46 38 79 64 152 70 89 76 154 59 102 18 126 36 58 75 95 99 
106 58 81 0 141 142 96 52 99 95 33 36 103 122 47 71 68 31 34 60 232 75 85 43 29 103 149 109 52 65 104 93 91 63 207 45 97 25 134 111 
88 133 102 141 0 89 170 94 78 60 108 105 150 93 122 146 124 129 164 81 203 96 56 118 139 74 218 80 108 121 183 77 123 120 180 120 118 135 155 76 
89 134 103 142 89 0 171 95 79 73 109 106 179 94 123 147 127 130 173 82 204 97 57 119 140 75 233 81 143 130 184 162 124 121 229 121 119 136 156 89 
82 154 160 96 170 171 0 148 136 191 129 132 199 151 139 167 108 127 62 139 213 154 114 139 125 132 160 90 118 105 177 189 181 159 229 141 176 121 213 186 
70 44 34 52 94 95 148 0 60 49 19 22 89 75 33 57 70 40 86 13 185 28 38 29 50 56 143 62 73 67 125 79 77 49 160 31 50 46 87 65 
54 86 68 99 78 79 136 60 0 109 74 71 144 59 88 99 92 80 133 47 169 62 22 84 78 4 198 46 101 95 149 127 53 86 194 86 84 74 121 125 
119 87 83 95 60 73 191 49 109 0 62 65 132 124 76 100 94 83 129 62 234 77 87 72 93 105 186 111 110 97 168 122 120 92 209 74 99 89 136 16 
84 25 48 33 108 109 129 19 74 62 0 3 70 89 14 38 51 21 67 27 199 42 52 10 31 70 124 76 54 48 106 60 58 30 174 12 64 27 101 78 
81 28 45 36 105 106 132 22 71 65 3 0 73 86 17 41 54 24 70 24 196 39 49 13 34 67 127 73 57 51 109 63 61 33 171 15 61 30 98 81 
139 95 94 103 150 179 199 89 144 132 70 73 0 159 64 90 101 91 137 97 269 112 122 60 101 140 174 146 111 98 176 73 124 76 220 58 134 97 171 148 
69 114 83 122 93 94 151 75 59 124 89 86 159 0 103 127 107 110 153 62 184 77 37 99 120 55 213 61 123 110 164 142 104 101 209 101 99 116 136 140 
75 39 42 47 122 123 139 33 88 76 14 17 64 103 0 52 37 35 77 41 206 56 66 4 45 84 118 83 47 34 120 74 60 24 168 6 78 41 115 92 
117 13 86 71 146 147 167 57 99 100 38 41 90 127 52 0 79 59 105 65 237 80 90 48 69 95 162 114 89 76 144 98 46 68 212 50 102 65 139 116 
38 66 79 68 124 127 108 70 92 94 51 54 101 107 37 79 0 49 46 78 169 93 70 41 47 88 120 46 16 3 122 111 97 61 189 43 115 43 152 78 
87 46 69 31 129 130 127 40 80 83 21 24 91 110 35 59 49 0 65 48 218 63 73 31 10 84 143 95 33 46 85 81 79 51 195 33 85 6 122 99 
84 92 115 34 164 173 62 86 133 129 67 70 137 153 77 105 46 65 0 94 215 109 116 77 63 134 166 92 56 43 138 127 125 97 235 79 131 59 161 124 
57 52 21 60 81 82 139 13 47 62 27 24 97 62 41 65 78 48 94 0 172 15 25 37 58 43 151 49 81 75 133 80 85 39 147 39 37 54 74 78 
131 224 193 232 203 204 213 185 169 234 199 196 269 184 206 237 169 218 215 172 0 187 147 209 216 165 289 123 185 172 226 252 214 211 319 211 209 212 246 247 
72 67 36 75 96 97 154 28 62 77 42 39 112 77 56 80 93 63 109 15 187 0 40 52 73 58 166 64 96 90 148 95 100 54 162 54 22 69 59 93 
32 77 46 85 56 57 114 38 22 87 52 49 122 37 66 90 70 73 116 25 147 40 0 62 83 18 176 24 86 73 127 105 67 64 172 64 62 79 99 103 
79 35 38 43 118 119 139 29 84 72 10 13 60 99 4 48 41 31 77 37 209 52 62 0 41 80 114 86 51 38 116 70 64 20 164 2 74 37 111 88 
85 56 79 29 139 140 125 50 78 93 31 34 101 120 45 69 47 10 63 58 216 73 83 41 0 82 141 93 31 44 75 91 89 61 205 43 95 4 132 109 
50 82 64 103 74 75 132 56 4 105 70 67 140 55 84 95 88 84 134 43 165 58 18 80 82 0 194 42 104 91 145 123 49 82 190 82 80 78 117 121 
158 149 152 149 218 233 160 143 198 186 124 127 174 213 118 162 120 143 166 151 289 166 176 114 141 194 0 166 110 123 216 184 178 134 69 116 188 137 225 198 
8 101 70 109 80 81 90 62 46 111 76 73 146 61 83 114 46 95 92 49 123 64 24 86 93 42 166 0 62 49 103 129 91 88 196 88 86 89 123 124 
54 76 89 52 108 143 118 73 101 110 54 57 111 123 47 89 16 33 56 81 185 96 86 51 31 104 110 62 0 13 106 114 107 71 179 53 118 27 155 94 
41 63 76 65 121 130 105 67 95 97 48 51 98 110 34 76 3 46 43 75 172 90 73 38 44 91 123 49 13 0 119 108 94 58 192 40 112 40 149 81 
95 131 154 104 183 184 177 125 149 168 106 109 176 164 120 144 122 85 138 133 226 148 127 116 75 145 216 103 106 119 0 166 161 136 280 118 170 79 207 184 
137 85 59 93 77 162 189 79 127 122 60 63 73 142 74 98 111 81 127 80 252 95 105 70 91 123 184 129 114 108 166 0 118 77 185 72 117 87 154 138 
99 33 102 91 123 124 181 77 53 120 58 61 124 104 60 46 97 79 125 85 214 100 67 64 89 49 178 91 107 94 161 118 0 84 228 66 108 85 138 136 
96 55 18 63 120 121 159 49 86 92 30 33 76 101 24 68 61 51 97 39 211 54 64 20 61 82 134 88 71 58 136 77 84 0 144 18 76 57 113 108 
204 199 126 207 180 229 229 160 194 209 174 171 220 209 168 212 189 195 235 147 319 162 172 164 205 190 69 196 179 192 280 185 228 144 0 162 184 201 221 225 
81 37 36 45 120 121 141 31 86 74 12 15 58 101 6 50 43 33 79 39 211 54 64 2 43 82 116 88 53 40 118 72 66 18 162 0 76 39 113 90 
94 89 58 97 118 119 176 50 84 99 64 61 134 99 78 102 115 85 131 37 209 22 62 74 95 80 188 86 118 112 170 117 108 76 184 76 0 91 37 115 
81 52 75 25 135 136 121 46 74 89 27 30 97 116 41 65 43 6 59 54 212 69 79 37 4 78 137 89 27 40 79 87 85 57 201 39 91 0 128 105 
131 126 95 134 155 156 213 87 121 136 101 98 171 136 115 139 152 122 161 74 246 59 99 111 132 117 225 123 155 149 207 154 138 113 221 113 37 128 0 152 
116 103 99 111 76 89 186 65 125 16 78 81 148 140 92 116 78 99 124 78 247 93 103 88 109 121 198 124 94 81 184 138 136 108 225 90 115 105 152 0 
95
43
93
7
91
38
12
15
60
43
52
82
94
90
22
76
94
1
52
65
95
22
72
56
14
23
26
77
8
92
88
33
12
25
96
4
67
22
67
