40
0 135 100 127 58 140 108 141 28 58 88 123 150 104 75 64 108 40 114 92 54 113 159 78 18 130 107 44 93 43 19 28 26 48 81 15 137 128 19 35 
135 0 188 49 108 161 68 209 163 126 78 151 115 94 179 102 144 164 155 92 119 196 261 152 117 150 107 118 189 167 116 134 150 114 180 150 151 137 143 100 
100 188 0 160 111 221 141 166 72 83 141 176 186 156 115 117 145 140 180 117 109 105 259 131 118 221 132 97 109 126 119 113 126 101 174 85 37 208 119 115 
127 49 160 0 69 147 19 160 131 77 98 134 164 82 130 75 139 120 106 43 95 190 222 117 118 147 58 83 140 120 117 99 106 87 174 142 177 169 108 101 
58 108 111 69 0 121 50 111 86 28 30 65 133 46 81 6 90 60 125 62 26 121 153 48 49 111 77 14 91 63 48 30 46 18 105 73 108 145 39 32 
140 161 221 147 121 0 128 221 168 138 151 186 46 143 175 127 200 140 167 104 140 127 177 150 158 187 119 128 201 109 159 112 126 132 197 155 229 24 121 146 
108 68 141 19 50 128 0 141 112 58 79 115 172 63 111 56 120 110 87 24 76 171 203 98 99 128 39 64 121 101 98 80 96 68 155 123 158 150 89 82 
141 209 166 160 111 221 141 0 169 83 141 176 216 156 136 117 145 143 180 117 109 204 262 131 132 221 132 97 146 126 131 113 129 101 188 156 203 211 122 115 
28 163 72 131 86 168 112 169 0 86 116 151 178 132 87 92 80 68 112 120 82 141 187 106 46 158 135 72 121 71 47 56 54 76 109 13 109 156 47 63 
58 126 83 77 28 138 58 83 86 0 58 93 133 73 53 34 62 60 97 34 26 121 179 48 49 138 49 14 63 43 48 30 46 18 105 73 120 128 39 32 
88 78 141 98 30 151 79 141 116 58 0 73 163 16 111 24 120 90 118 55 56 151 183 78 79 81 70 44 121 93 78 60 76 48 135 103 126 175 69 62 
123 151 176 134 65 186 115 176 151 93 73 0 198 57 146 66 155 125 159 96 81 186 218 113 114 122 111 79 156 128 113 95 111 83 170 138 168 210 104 97 
150 115 186 164 133 46 172 216 178 133 163 198 0 179 151 139 195 138 211 148 131 81 223 148 154 228 133 119 196 107 153 135 124 123 151 165 196 22 131 137 
104 94 156 82 46 143 63 156 132 73 16 57 179 0 126 40 135 106 102 39 72 167 199 94 91 65 54 60 136 109 92 76 92 64 151 119 142 165 85 78 
75 179 115 130 81 175 111 136 87 53 111 146 151 126 0 87 115 63 150 87 79 70 182 72 93 153 102 67 116 66 94 65 49 71 140 74 78 151 56 85 
64 102 117 75 6 127 56 117 92 34 24 66 139 40 87 0 96 66 131 68 32 127 159 54 55 105 83 20 97 69 54 36 52 24 111 79 102 151 45 38 
108 144 145 139 90 200 120 145 80 62 120 155 195 135 115 96 0 122 159 96 88 183 241 110 111 200 111 76 125 105 110 92 108 80 167 93 182 190 101 94 
40 164 140 120 60 140 110 143 68 60 90 125 138 106 63 66 122 0 154 94 58 133 147 80 58 118 109 46 123 31 59 30 14 50 121 55 141 116 21 64 
114 155 180 106 125 167 87 180 112 97 118 159 211 102 150 131 159 154 0 63 123 201 273 145 106 167 78 111 160 140 107 127 140 115 169 99 217 189 133 123 
92 92 117 43 62 104 24 117 120 34 55 96 148 39 87 68 96 94 63 0 60 155 213 82 83 104 15 48 97 77 82 64 80 52 139 107 154 126 73 66 
54 119 109 95 26 140 76 109 82 26 56 81 131 72 79 32 88 58 123 60 0 115 177 42 36 137 75 12 89 61 35 28 44 16 99 69 134 146 37 19 
113 196 105 190 121 127 171 204 141 121 151 186 81 167 70 127 183 133 201 155 115 0 236 73 95 223 170 107 184 136 96 123 119 111 70 128 115 103 126 112 
159 261 259 222 153 177 203 262 187 179 183 218 223 199 182 159 241 147 273 213 177 236 0 199 177 237 228 165 242 150 178 149 133 169 166 174 260 201 140 183 
78 152 131 117 48 150 98 131 106 48 78 113 148 94 72 54 110 80 145 82 42 73 199 0 69 159 97 34 111 83 68 50 66 38 108 93 150 126 59 52 
18 117 118 118 49 158 99 132 46 49 79 114 154 91 93 55 111 58 106 83 36 95 177 69 0 148 98 35 111 61 1 46 44 31 63 33 155 146 37 17 
130 150 221 147 111 187 128 221 158 138 81 122 228 65 153 105 200 118 167 104 137 223 237 159 148 0 119 125 201 121 149 120 104 129 211 145 207 206 111 143 
107 107 132 58 77 119 39 132 135 49 70 111 133 54 102 83 111 109 78 15 75 170 228 97 98 119 0 63 112 92 97 79 95 67 154 122 169 111 88 81 
44 118 97 83 14 128 64 97 72 14 44 79 119 60 67 20 76 46 111 48 12 107 165 34 35 125 63 0 77 49 34 16 32 4 91 59 122 134 25 18 
93 189 109 140 91 201 121 146 121 63 121 156 196 136 116 97 125 123 160 97 89 184 242 111 111 201 112 77 0 106 111 93 109 81 168 108 72 191 102 95 
43 167 126 120 63 109 101 126 71 43 93 128 107 109 66 69 105 31 140 77 61 136 150 83 61 121 92 49 106 0 62 33 17 53 124 58 144 85 24 67 
19 116 119 117 48 159 98 131 47 48 78 113 153 92 94 54 110 59 107 82 35 96 178 68 1 149 97 34 111 62 0 47 45 30 64 34 156 147 38 16 
28 134 113 99 30 112 80 113 56 30 60 95 135 76 65 36 92 30 127 64 28 123 149 50 46 120 79 16 93 33 47 0 16 20 107 43 138 118 9 34 
26 150 126 106 46 126 96 129 54 46 76 111 124 92 49 52 108 14 140 80 44 119 133 66 44 104 95 32 109 17 45 16 0 36 107 41 127 102 7 50 
48 114 101 87 18 132 68 101 76 18 48 83 123 64 71 24 80 50 115 52 16 111 169 38 31 129 67 4 81 53 30 20 36 0 94 63 126 138 29 14 
81 180 174 174 105 197 155 188 109 105 135 170 151 151 140 111 167 121 169 139 99 70 166 108 63 211 154 91 168 124 64 107 107 94 0 96 137 173 100 80 
15 150 85 142 73 155 123 156 13 73 103 138 165 119 74 79 93 55 99 107 69 128 174 93 33 145 122 59 108 58 34 43 41 63 96 0 122 143 34 50 
137 151 37 177 108 229 158 203 109 120 126 168 196 142 78 102 182 141 217 154 134 115 260 150 155 207 169 122 72 144 156 138 127 126 137 122 0 218 134 140 
128 137 208 169 145 24 150 211 156 128 175 210 22 165 151 151 190 116 189 126 146 103 201 126 146 206 111 134 191 85 147 118 102 138 173 143 218 0 109 152 
19 143 119 108 39 121 89 122 47 39 69 104 131 85 56 45 101 21 133 73 37 126 140 59 37 111 88 25 102 24 38 9 7 29 100 34 134 109 0 43 
35 100 115 101 32 146 82 115 63 32 62 97 137 78 85 38 94 64 123 66 19 112 183 52 17 143 81 18 95 67 16 34 50 14 80 50 140 152 43 0 
64
50
10
55
81
96
75
42
54
69
52
59
24
62
78
2
84
81
32
68
50
87
58
57
28
49
55
30
10
78
81
1
19
84
13
77
80
35
87
