25
0 184 182 172 184 207 213 159 177 216 218 259 219 137 246 306 202 162 257 210 296 182 325 62 235 
184 0 324 186 326 123 227 199 319 331 258 293 253 321 301 373 386 196 319 200 286 196 243 246 225 
182 324 0 180 2 201 150 167 5 44 137 178 162 45 64 229 125 170 85 124 160 181 244 194 99 
172 186 180 0 182 135 41 13 177 174 72 107 67 150 204 213 222 10 133 58 144 10 173 234 83 
184 326 2 182 0 203 152 169 7 46 139 180 164 47 62 231 127 172 87 126 162 183 246 196 101 
207 123 201 135 203 0 176 128 196 208 177 186 182 236 178 313 316 125 249 77 163 145 120 269 102 
213 227 150 41 152 176 0 54 145 184 113 136 108 185 214 254 258 51 154 99 185 31 202 275 124 
159 199 167 13 169 128 54 0 170 187 59 100 60 163 217 200 235 3 146 51 137 23 166 221 76 
177 319 5 177 7 196 145 170 0 39 132 173 157 40 69 224 120 167 80 119 155 176 239 199 94 
216 331 44 174 46 208 184 187 39 0 171 212 196 79 30 263 159 184 41 158 194 164 278 209 133 
218 258 137 72 139 177 113 59 132 171 0 41 82 172 201 141 245 62 205 110 196 82 107 280 135 
259 293 178 107 180 186 136 100 173 212 41 0 41 158 242 127 231 98 228 146 219 105 66 321 171 
219 253 162 67 164 182 108 60 157 196 82 41 0 117 226 168 197 57 200 105 191 77 107 281 130 
137 321 45 150 47 236 185 163 40 79 172 158 117 0 109 184 80 160 120 159 195 160 203 199 134 
246 301 64 204 62 178 214 217 69 30 201 242 226 109 0 293 189 214 71 173 209 194 257 239 148 
306 373 229 213 231 313 254 200 224 263 141 127 168 184 293 0 104 203 304 251 337 223 193 244 276 
202 386 125 222 127 316 258 235 120 159 245 231 197 80 189 104 0 232 200 239 275 227 283 140 214 
162 196 170 10 172 125 51 3 167 184 62 98 57 160 214 203 232 0 143 48 134 20 164 224 73 
257 319 85 133 87 249 154 146 80 41 205 228 200 120 71 304 200 143 0 191 235 123 294 250 174 
210 200 124 58 126 77 99 51 119 158 110 146 105 159 173 251 239 48 191 0 86 68 197 272 25 
296 286 160 144 162 163 185 137 155 194 196 219 191 195 209 337 275 134 235 86 0 154 153 354 61 
182 196 181 10 183 145 31 23 176 164 82 105 77 160 194 223 227 20 123 68 154 0 171 244 93 
325 243 244 173 246 120 202 166 239 278 107 66 107 203 257 193 283 164 294 197 153 171 0 387 214 
62 246 194 234 196 269 275 221 199 209 280 321 281 199 239 244 140 224 250 272 354 244 387 0 293 
235 225 99 83 101 102 124 76 94 133 135 171 130 134 148 276 214 73 174 25 61 93 214 293 0 
72
79
19
70
84
83
33
94
7
86
90
88
55
66
82
62
31
32
53
29
48
77
67
8
