10
0 151 120 155 364 113 189 122 165 155 
151 0 271 306 515 264 340 273 316 306 
120 271 0 35 469 210 69 227 270 35 
155 306 35 0 504 236 104 262 305 70 
364 515 469 504 0 432 400 242 285 504 
113 264 210 236 432 0 279 190 147 245 
189 340 69 104 400 279 0 158 201 104 
122 273 227 262 242 190 158 0 43 262 
165 316 270 305 285 147 201 43 0 273 
155 306 35 70 504 245 104 262 273 0 
48
24
74
73
85
48
24
5
44
