15
0 133 207 296 78 69 99 95 346 53 75 14 151 560 212 
133 0 340 222 203 64 232 200 469 158 208 119 284 536 345 
207 340 0 230 189 276 108 273 251 260 132 221 56 445 5 
296 222 230 0 270 227 338 363 281 321 341 282 286 314 225 
78 203 189 270 0 147 177 173 279 131 153 92 229 482 194 
69 64 276 227 147 0 168 136 405 94 144 55 220 541 281 
99 232 108 338 177 168 0 194 247 152 24 113 52 553 113 
95 200 273 363 173 136 194 0 269 42 170 81 217 465 278 
346 469 251 281 279 405 247 269 0 311 271 350 195 434 256 
53 158 260 321 131 94 152 42 311 0 128 39 204 507 265 
75 208 132 341 153 144 24 170 271 128 0 89 76 577 137 
14 119 221 282 92 55 113 81 350 39 89 0 165 546 226 
151 284 56 286 229 220 52 217 195 204 76 165 0 501 61 
560 536 445 314 482 541 553 465 434 507 577 546 501 0 440 
212 345 5 225 194 281 113 278 256 265 137 226 61 440 0 
18
82
47
43
21
98
73
60
69
91
89
33
94
80
