12
0 363 268 297 273 412 316 364 73 147 442 119 
363 0 100 264 95 187 52 186 295 293 567 259 
268 100 0 260 5 194 48 96 195 193 563 169 
297 264 260 0 255 444 212 346 370 150 303 416 
273 95 5 255 0 189 43 91 200 198 558 164 
412 187 194 444 189 0 232 280 363 310 747 353 
316 52 48 212 43 232 0 134 243 241 515 207 
364 186 96 346 91 280 134 0 291 289 649 255 
73 295 195 370 200 363 243 291 0 220 515 180 
147 293 193 150 198 310 241 289 220 0 453 266 
442 567 563 303 558 747 515 649 515 453 0 434 
119 259 169 416 164 353 207 255 180 266 434 0 
35
39
25
35
57
62
69
73
72
43
71
