8
0 184 295 208 147 247 111 195 
184 0 479 392 186 204 73 379 
295 479 0 87 442 377 406 100 
208 392 87 0 355 290 319 13 
147 186 442 355 0 249 113 342 
247 204 377 290 249 0 136 303 
111 73 406 319 113 136 0 306 
195 379 100 13 342 303 306 0 
93
87
97
25
72
35
99
