8
0 184 483 537 269 207 282 159 
184 0 483 559 453 391 260 137 
483 483 0 518 545 483 641 620 
537 559 518 0 268 330 516 639 
269 453 545 268 0 62 248 371 
207 391 483 330 62 0 186 309 
282 260 641 516 248 186 0 123 
159 137 620 639 371 309 123 0 
82
13
97
92
84
88
89
