10
0 554 479 571 742 247 590 524 433 419 
554 0 139 493 402 608 250 446 327 341 
479 139 0 519 263 469 111 568 464 463 
571 493 519 0 763 635 504 223 166 152 
742 402 263 763 0 510 374 634 727 726 
247 608 469 635 510 0 358 579 680 666 
590 250 111 504 374 358 0 457 366 352 
524 446 568 223 634 579 457 0 119 105 
433 327 464 166 727 680 366 119 0 14 
419 341 463 152 726 666 352 105 14 0 
93
86
79
31
10
26
44
50
78
