25
0 183 332 279 211 217 254 223 221 287 106 208 198 320 179 164 208 207 232 232 287 229 222 96 18 
183 0 149 132 219 34 71 65 144 219 289 186 15 173 291 19 270 130 49 210 119 71 39 241 185 
332 149 0 78 263 115 152 184 164 144 327 178 134 289 311 168 293 150 150 202 155 190 158 261 334 
279 132 78 0 185 166 203 137 86 222 249 100 147 212 233 151 371 72 83 124 233 143 171 183 261 
211 219 263 185 0 223 258 157 236 364 105 278 204 285 209 238 293 222 268 302 152 151 180 292 229 
217 34 115 166 223 0 37 69 148 223 274 190 19 174 295 53 274 134 83 214 123 75 43 245 219 
254 71 152 203 258 37 0 106 185 260 237 227 56 211 332 90 257 171 120 251 106 112 80 282 256 
223 65 184 137 157 69 106 0 79 254 242 121 50 233 226 84 305 65 114 145 154 6 74 176 241 
221 144 164 86 236 148 185 79 0 308 191 186 129 298 147 163 384 14 169 210 233 85 153 125 203 
287 219 144 222 364 223 260 254 308 0 327 175 204 287 320 238 437 294 208 199 299 260 228 287 305 
106 289 327 249 105 274 237 242 191 327 0 299 291 390 104 270 314 177 332 323 187 248 267 187 124 
208 186 178 100 278 190 227 121 186 175 299 0 171 112 195 205 405 172 183 24 254 127 190 112 190 
198 15 134 147 204 19 56 50 129 204 291 171 0 188 276 34 255 115 64 195 104 56 24 226 200 
320 173 289 212 285 174 211 233 298 287 390 112 188 0 307 192 386 284 222 136 292 239 212 224 302 
179 291 311 233 209 295 332 226 147 320 104 195 276 307 0 310 387 161 316 219 291 232 300 83 161 
164 19 168 151 238 53 90 84 163 238 270 205 34 192 310 0 289 149 68 229 138 90 58 260 182 
208 270 293 371 293 274 257 305 384 437 314 405 255 386 387 289 0 370 319 429 151 311 231 304 226 
207 130 150 72 222 134 171 65 14 294 177 172 115 284 161 149 370 0 155 196 219 71 139 111 189 
232 49 150 83 268 83 120 114 169 208 332 183 64 222 316 68 319 155 0 207 168 120 88 266 234 
232 210 202 124 302 214 251 145 210 199 323 24 195 136 219 229 429 196 207 0 278 151 214 136 214 
287 119 155 233 152 123 106 154 233 299 187 254 104 292 291 138 151 219 168 278 0 160 80 303 269 
229 71 190 143 151 75 112 6 85 260 248 127 56 239 232 90 311 71 120 151 160 0 80 182 247 
222 39 158 171 180 43 80 74 153 228 267 190 24 212 300 58 231 139 88 214 80 80 0 223 224 
96 241 261 183 292 245 282 176 125 287 187 112 226 224 83 260 304 111 266 136 303 182 223 0 78 
18 185 334 261 229 219 256 241 203 305 124 190 200 302 161 182 226 189 234 214 269 247 224 78 0 
58
93
2
57
98
72
31
10
39
37
95
29
24
56
43
37
75
20
96
82
100
36
66
84
