25
0 138 172 184 78 167 117 160 106 221 75 14 142 181 194 276 133 203 64 172 72 117 215 171 106 
138 0 98 110 101 167 62 86 32 162 63 152 187 152 56 198 5 140 135 189 127 43 192 159 129 
172 98 0 144 135 201 96 120 66 196 97 186 221 186 154 236 93 174 169 223 161 55 226 193 163 
184 110 144 0 145 187 108 24 78 52 109 198 125 42 87 92 105 158 181 200 173 89 195 205 117 
78 101 135 145 0 101 39 123 69 197 100 92 147 103 157 237 96 177 85 166 77 80 169 196 28 
167 167 201 187 101 0 140 163 135 239 104 181 62 148 223 265 162 243 103 178 95 146 257 200 73 
117 62 96 108 39 140 0 84 30 160 61 131 135 142 118 200 57 138 73 127 65 41 130 157 67 
160 86 120 24 123 163 84 0 54 76 85 174 101 66 63 116 81 162 157 176 149 65 214 181 131 
106 32 66 78 69 135 30 54 0 130 31 120 155 120 88 170 27 108 103 157 95 11 160 127 97 
221 162 196 52 197 239 160 76 130 0 161 209 177 94 139 144 157 106 157 252 149 141 247 214 169 
75 63 97 109 100 104 61 85 31 161 0 89 166 151 119 201 58 139 134 188 126 42 191 96 128 
14 152 186 198 92 181 131 174 120 209 89 0 156 195 208 265 147 217 78 186 86 131 229 185 120 
142 187 221 125 147 62 135 101 155 177 166 156 0 167 164 217 182 254 78 186 70 166 195 262 135 
181 152 186 42 103 148 142 66 120 94 151 195 167 0 104 134 147 200 150 181 158 131 234 247 75 
194 56 154 87 157 223 118 63 88 139 119 208 164 104 0 142 61 196 191 239 183 99 248 215 179 
276 198 236 92 237 265 200 116 170 144 201 265 217 134 142 0 197 250 271 292 263 181 287 297 209 
133 5 93 105 96 162 57 81 27 157 58 147 182 147 61 197 0 135 130 184 122 38 187 154 124 
203 140 174 158 177 243 138 162 108 106 139 217 254 200 196 250 135 0 192 265 184 119 268 235 205 
64 135 169 181 85 103 73 157 103 157 134 78 78 150 191 271 130 192 0 108 8 114 203 230 75 
172 189 223 200 166 178 127 176 157 252 188 186 186 181 239 292 184 265 108 0 116 168 159 284 183 
72 127 161 173 77 95 65 149 95 149 126 86 70 158 183 263 122 184 8 116 0 106 195 222 83 
117 43 55 89 80 146 41 65 11 141 42 131 166 131 99 181 38 119 114 168 106 0 171 138 108 
215 192 226 195 169 257 130 214 160 247 191 229 195 234 248 287 187 268 203 159 195 171 0 287 197 
171 159 193 205 196 200 157 181 127 214 96 185 262 247 215 297 154 235 230 284 222 138 287 0 224 
106 129 163 117 28 73 67 131 97 169 128 120 135 75 179 209 124 205 75 183 83 108 197 224 0 
89
86
86
8
9
14
69
82
45
12
94
52
94
84
87
11
84
40
15
79
45
71
80
82
