40
0 171 180 97 201 113 140 99 208 111 148 125 121 84 87 143 151 116 126 171 84 197 110 198 200 33 61 151 164 165 151 121 188 191 128 83 206 26 89 192 
171 0 155 214 191 110 185 216 197 108 145 136 132 199 138 182 152 236 149 165 135 142 235 207 209 139 181 145 198 196 177 186 185 102 239 210 126 146 140 189 
180 155 0 179 64 75 150 181 80 73 111 101 97 164 93 147 29 262 114 142 96 131 228 70 54 176 137 122 163 75 142 119 151 153 155 159 147 172 95 154 
97 214 179 0 211 104 179 2 169 106 183 86 82 15 136 123 150 92 99 144 133 100 207 159 190 80 108 124 124 175 103 136 163 140 184 176 116 73 137 183 
201 191 64 211 0 139 170 213 130 137 132 133 129 196 157 145 93 265 112 107 160 129 222 120 118 182 201 87 227 36 206 80 172 89 214 120 113 175 159 218 
113 110 75 104 139 0 75 106 109 2 128 26 22 89 32 72 46 196 39 84 29 123 153 99 129 110 152 64 92 115 71 76 103 125 133 104 107 117 34 79 
140 185 150 179 170 75 0 181 138 77 134 101 97 164 107 147 121 204 114 159 104 83 224 148 204 121 149 139 167 134 146 90 174 91 198 130 67 114 109 75 
99 216 181 2 213 106 181 0 171 108 185 88 84 17 138 121 152 94 101 146 135 102 209 161 192 82 110 126 126 177 105 138 165 142 186 178 118 75 139 185 
208 197 80 169 130 109 138 171 0 111 136 91 87 154 141 137 109 261 104 118 138 87 218 10 134 175 217 129 197 94 176 138 168 95 202 178 71 182 143 188 
111 108 73 106 137 2 77 108 111 0 126 28 24 91 30 74 44 198 41 86 27 125 155 101 127 112 152 66 90 117 69 78 105 127 131 106 109 119 32 81 
148 145 111 183 132 128 134 185 136 126 0 125 121 188 135 171 82 214 138 171 138 83 176 126 73 181 154 163 216 149 195 105 40 43 108 65 67 174 137 188 
125 136 101 86 133 26 101 88 91 28 125 0 4 71 58 54 72 178 21 66 55 105 135 81 104 92 134 46 118 97 97 58 85 113 153 98 89 99 60 105 
121 132 97 82 129 22 97 84 87 24 121 4 0 67 54 50 68 174 17 62 51 101 131 77 108 88 130 42 114 93 93 54 81 109 149 94 85 95 56 101 
84 199 164 15 196 89 164 17 154 91 188 71 67 0 121 117 135 107 84 129 118 115 194 144 175 65 93 109 109 160 88 121 148 155 169 161 131 58 122 168 
87 138 93 136 157 32 107 138 141 30 135 58 54 121 0 104 64 180 71 116 3 139 185 131 119 83 125 96 120 137 99 108 135 147 101 136 123 90 2 111 
143 182 147 123 145 72 147 121 137 74 171 54 50 117 104 0 118 207 33 78 101 151 147 127 158 124 82 58 157 109 136 70 131 159 118 110 135 117 106 151 
151 152 29 150 93 46 121 152 109 44 82 72 68 135 64 118 0 233 85 130 67 102 199 99 83 147 108 110 134 104 113 122 122 125 165 147 118 143 66 125 
116 236 262 92 265 196 204 94 261 198 214 178 174 107 180 207 233 0 190 235 183 192 226 251 282 97 125 215 216 229 195 185 254 232 201 199 208 90 178 275 
126 149 114 99 112 39 114 101 104 41 138 21 17 84 71 33 85 190 0 45 68 118 114 94 125 105 115 25 124 76 103 37 98 126 151 77 102 100 73 118 
171 165 142 144 107 84 159 146 118 86 171 66 62 129 116 78 130 235 45 0 113 156 159 108 170 150 160 20 155 71 134 82 131 171 196 122 147 145 118 163 
84 135 96 133 160 29 104 135 138 27 138 55 51 118 3 101 67 183 68 113 0 142 182 128 116 86 128 93 117 134 96 105 132 150 104 133 126 93 5 108 
197 142 131 100 129 123 83 102 87 125 83 105 101 115 139 151 102 192 118 156 142 0 173 97 156 180 208 143 207 165 194 155 123 40 147 148 16 173 141 158 
110 235 228 207 222 153 224 209 218 155 176 135 131 194 185 147 199 226 114 159 182 173 0 208 239 143 171 139 238 188 217 144 212 133 238 184 157 136 187 232 
198 207 70 159 120 99 148 161 10 101 126 81 77 144 131 127 99 251 94 108 128 97 208 0 124 165 207 119 187 84 166 128 158 105 212 168 81 172 133 178 
200 209 54 190 118 129 204 192 134 127 73 104 108 175 119 158 83 282 125 170 116 156 239 124 0 196 191 150 217 129 196 162 113 116 181 138 140 203 121 162 
33 139 176 80 182 110 121 82 175 112 181 92 88 65 83 124 147 97 105 150 86 180 143 165 196 0 42 130 153 146 132 102 169 197 118 116 173 7 81 189 
61 181 137 108 201 152 149 110 217 152 154 134 130 93 125 82 108 125 115 160 128 208 171 207 191 42 0 140 181 174 160 130 144 197 76 144 207 35 123 202 
151 145 122 124 87 64 139 126 129 66 163 46 42 109 96 58 110 215 25 20 93 143 139 119 150 130 140 0 149 51 128 62 123 151 176 102 127 125 98 143 
164 198 163 124 227 92 167 126 197 90 216 118 114 109 120 157 134 216 124 155 117 207 238 187 217 153 181 149 0 200 21 161 195 217 221 196 199 146 122 171 
165 196 75 175 36 115 134 177 94 117 149 97 93 160 137 109 104 229 76 71 134 165 188 84 129 146 174 51 200 0 179 44 174 125 178 84 149 139 139 194 
151 177 142 103 206 71 146 105 176 69 195 97 93 88 99 136 113 195 103 134 96 194 217 166 196 132 160 128 21 179 0 140 174 196 200 175 178 125 101 150 
121 186 119 136 80 76 90 138 138 78 105 58 54 121 108 70 122 185 37 82 105 155 144 128 162 102 130 62 161 44 140 0 135 148 188 40 139 95 110 155 
188 185 151 163 172 103 174 165 168 105 40 85 81 148 135 131 122 254 98 131 132 123 212 158 113 169 144 123 195 174 174 135 0 83 68 105 107 176 137 148 
191 102 153 140 89 125 91 142 95 127 43 113 109 155 147 159 125 232 126 171 150 40 133 105 116 197 197 151 217 125 196 148 83 0 151 108 24 204 149 166 
128 239 155 184 214 133 198 186 202 131 108 153 149 169 101 118 165 201 151 196 104 147 238 212 181 118 76 176 221 178 200 188 68 151 0 173 131 111 99 126 
83 210 159 176 120 104 130 178 178 106 65 98 94 161 136 110 147 199 77 122 133 148 184 168 138 116 144 102 196 84 175 40 105 108 173 0 132 109 138 183 
206 126 147 116 113 107 67 118 71 109 67 89 85 131 123 135 118 208 102 147 126 16 157 81 140 173 207 127 199 149 178 139 107 24 131 132 0 180 125 142 
26 146 172 73 175 117 114 75 182 119 174 99 95 58 90 117 143 90 100 145 93 173 136 172 203 7 35 125 146 139 125 95 176 204 111 109 180 0 88 189 
89 140 95 137 159 34 109 139 143 32 137 60 56 122 2 106 66 178 73 118 5 141 187 133 121 81 123 98 122 139 101 110 137 149 99 138 125 88 0 113 
192 189 154 183 218 79 75 185 188 81 188 105 101 168 111 151 125 275 118 163 108 158 232 178 162 189 202 143 171 194 150 155 148 166 126 183 142 189 113 0 
78
67
78
80
26
96
66
4
13
35
23
33
34
11
73
24
52
48
28
11
30
6
31
52
10
97
93
91
69
56
48
57
34
41
33
23
14
75
9
