17
0 318 227 107 71 207 82 92 56 134 71 120 310 133 84 344 38 
318 0 283 260 248 372 285 335 299 329 314 247 8 185 358 42 281 
227 283 0 120 298 232 145 319 283 189 298 107 291 360 311 302 265 
107 260 120 0 178 112 25 199 163 95 178 13 268 240 191 302 145 
71 248 298 178 0 202 153 87 51 192 66 191 240 63 110 274 33 
207 372 232 112 202 0 137 223 151 207 202 125 380 265 172 414 169 
82 285 145 25 153 137 0 174 138 120 153 38 293 215 166 327 120 
92 335 319 199 87 223 174 0 72 147 21 212 327 150 131 361 54 
56 299 283 163 51 151 138 72 0 177 51 176 291 114 59 325 18 
134 329 189 95 192 207 120 147 177 0 126 82 337 255 218 371 159 
71 314 298 178 66 202 153 21 51 126 0 191 306 129 110 340 33 
120 247 107 13 191 125 38 212 176 82 191 0 255 253 204 289 158 
310 8 291 268 240 380 293 327 291 337 306 255 0 177 350 34 273 
133 185 360 240 63 265 215 150 114 255 129 253 177 0 173 211 96 
84 358 311 191 110 172 166 131 59 218 110 204 350 173 0 384 77 
344 42 302 302 274 414 327 361 325 371 340 289 34 211 384 0 307 
38 281 265 145 33 169 120 54 18 159 33 158 273 96 77 307 0 
93
23
95
36
19
41
72
85
44
15
70
77
74
41
42
9
