17
0 294 195 226 155 198 183 225 223 158 139 237 403 225 144 300 181 
294 0 127 224 139 214 111 204 207 137 155 235 401 223 150 152 113 
195 127 0 142 40 115 16 109 108 42 56 153 307 141 51 105 14 
226 224 142 0 102 28 130 173 170 106 87 11 177 1 92 196 128 
155 139 40 102 0 75 28 102 68 35 16 113 267 101 11 145 26 
198 214 115 28 75 0 103 145 143 78 59 39 205 27 64 168 101 
183 111 16 130 28 103 0 93 96 26 44 141 295 129 39 121 2 
225 204 109 173 102 145 93 0 170 67 86 184 350 172 91 196 95 
223 207 108 170 68 143 96 170 0 103 84 181 199 169 79 140 94 
158 137 42 106 35 78 26 67 103 0 19 117 283 105 24 147 28 
139 155 56 87 16 59 44 86 84 19 0 98 264 86 5 161 42 
237 235 153 11 113 39 141 184 181 117 98 0 166 12 103 207 139 
403 401 307 177 267 205 295 350 199 283 264 166 0 178 269 339 293 
225 223 141 1 101 27 129 172 169 105 86 12 178 0 91 195 127 
144 150 51 92 11 64 39 91 79 24 5 103 269 91 0 156 37 
300 152 105 196 145 168 121 196 140 147 161 207 339 195 156 0 119 
181 113 14 128 26 101 2 95 94 28 42 139 293 127 37 119 0 
3
80
95
57
2
78
91
85
92
29
71
73
88
88
63
68
