40
0 123 158 107 112 219 72 161 46 159 195 244 103 122 81 240 66 78 99 110 150 113 180 245 153 161 158 169 144 166 119 110 171 109 154 189 151 32 153 225 
123 0 136 31 75 278 51 134 161 152 174 207 20 89 48 175 72 45 66 27 117 91 97 153 120 140 35 86 117 83 97 90 138 26 133 113 53 91 77 204 
158 136 0 108 174 298 130 225 138 182 203 161 119 180 139 134 149 136 157 126 190 45 196 154 211 99 125 185 208 182 39 183 196 125 48 98 83 170 134 163 
107 31 108 0 66 269 42 125 130 183 165 198 11 80 39 160 41 36 57 18 108 63 88 138 111 131 66 77 108 74 69 81 129 17 124 82 84 82 46 193 
112 75 174 66 0 261 86 162 158 227 209 132 55 124 83 226 107 80 101 62 152 129 132 204 155 175 110 77 152 80 135 113 173 49 168 148 128 126 112 239 
219 278 298 269 261 0 227 322 265 378 350 273 258 277 236 336 285 233 254 265 290 332 243 356 308 301 313 324 305 321 337 328 182 264 250 300 295 187 315 365 
72 51 130 42 86 227 0 95 118 203 123 195 31 50 9 168 83 6 27 38 78 105 108 180 81 89 86 97 78 94 111 101 99 37 82 124 104 40 88 153 
161 134 225 125 162 322 95 0 207 286 218 235 114 45 86 242 95 89 110 121 155 188 191 220 76 184 169 107 17 104 194 139 182 120 177 166 187 135 171 248 
46 161 138 130 158 265 118 207 0 205 241 290 141 168 127 272 112 124 145 148 196 159 218 257 199 207 196 207 190 204 165 156 217 147 186 212 197 78 176 271 
159 152 182 183 227 378 203 286 205 0 307 185 172 241 200 294 224 197 196 179 206 137 249 272 272 281 187 238 269 235 143 242 212 178 230 216 99 191 229 267 
195 174 203 165 209 350 123 218 241 307 0 318 154 173 132 291 206 129 150 161 201 170 231 285 204 212 209 137 201 140 164 224 222 160 205 229 208 163 211 276 
244 207 161 198 132 273 195 235 290 185 318 0 187 190 204 127 239 201 198 194 234 206 264 105 221 164 242 209 218 212 200 245 126 181 113 161 239 235 197 166 
103 20 119 11 55 258 31 114 141 172 154 187 0 69 28 171 52 25 46 7 97 74 77 149 100 120 55 66 97 63 80 70 118 6 113 93 73 71 57 184 
122 89 180 80 124 277 50 45 168 241 173 190 69 0 41 199 106 44 65 76 110 143 146 177 31 139 124 118 28 115 149 139 137 75 132 121 142 90 126 203 
81 48 139 39 83 236 9 86 127 200 132 204 28 41 0 177 80 3 24 35 69 102 105 177 72 98 83 94 69 91 108 98 96 34 91 121 101 49 85 162 
240 175 134 160 226 336 168 242 272 294 291 127 171 199 177 0 201 174 176 178 236 164 241 22 230 137 210 170 227 173 158 241 248 177 86 78 202 208 114 201 
66 72 149 41 107 285 83 95 112 224 206 239 52 106 80 201 0 77 98 59 149 104 129 179 137 140 107 118 78 115 110 44 170 58 165 123 125 98 87 204 
78 45 136 36 80 233 6 89 124 197 129 201 25 44 3 174 77 0 21 32 72 99 102 174 75 95 80 91 72 88 105 95 93 31 88 118 98 46 82 159 
99 66 157 57 101 254 27 110 145 196 150 198 46 65 24 176 98 21 0 53 93 120 123 154 96 116 101 112 93 109 126 116 72 52 109 139 119 67 103 180 
110 27 126 18 62 265 38 121 148 179 161 194 7 76 35 178 59 32 53 0 104 81 70 156 107 127 62 73 104 70 87 77 125 13 120 100 80 78 64 191 
150 117 190 108 152 290 78 155 196 206 201 234 97 110 69 236 149 72 93 104 0 145 174 214 141 167 152 163 138 160 151 167 108 103 160 158 107 118 122 231 
113 91 45 63 129 332 105 188 159 137 170 206 74 143 102 164 104 99 120 81 145 0 151 142 174 144 92 140 171 137 6 138 151 80 93 143 38 145 109 130 
180 97 196 88 132 243 108 191 218 249 231 264 77 146 105 241 129 102 123 70 174 151 0 226 177 104 132 143 174 140 157 147 195 83 155 170 150 148 134 168 
245 153 154 138 204 356 180 220 257 272 285 105 149 177 177 22 179 174 154 156 214 142 226 0 208 157 188 148 205 151 136 219 226 155 106 56 180 220 92 221 
153 120 211 111 155 308 81 76 199 272 204 221 100 31 72 230 137 75 96 107 141 174 177 208 0 139 120 149 59 146 180 170 168 106 163 152 173 121 135 203 
161 140 99 131 175 301 89 184 207 281 212 164 120 139 98 137 140 95 116 127 167 144 104 157 139 0 175 186 167 183 138 184 188 126 51 101 182 129 137 64 
158 35 125 66 110 313 86 169 196 187 209 242 55 124 83 210 107 80 101 62 152 92 132 188 120 175 0 121 152 118 86 125 173 61 168 148 88 126 112 210 
169 86 185 77 77 324 97 107 207 238 137 209 66 118 94 170 118 91 112 73 163 140 143 148 149 186 121 0 90 3 146 124 184 60 142 92 139 137 123 250 
144 117 208 108 152 305 78 17 190 269 201 218 97 28 69 227 78 72 93 104 138 171 174 205 59 167 152 90 0 87 177 122 165 103 160 149 170 118 154 231 
166 83 182 74 80 321 94 104 204 235 140 212 63 115 91 173 115 88 109 70 160 137 140 151 146 183 118 3 87 0 143 121 181 57 145 95 136 134 120 247 
119 97 39 69 135 337 111 194 165 143 164 200 80 149 108 158 110 105 126 87 151 6 157 136 180 138 86 146 177 143 0 144 157 86 87 137 44 151 115 124 
110 90 183 81 113 328 101 139 156 242 224 245 70 139 98 241 44 95 116 77 167 138 147 219 170 184 125 124 122 121 144 0 188 64 183 163 143 141 127 248 
171 138 196 129 173 182 99 182 217 212 222 126 118 137 96 248 170 93 72 125 108 151 195 226 168 188 173 184 165 181 157 188 0 124 181 211 113 139 175 252 
109 26 125 17 49 264 37 120 147 178 160 181 6 75 34 177 58 31 52 13 103 80 83 155 106 126 61 60 103 57 86 64 124 0 119 99 79 77 63 190 
154 133 48 124 168 250 82 177 186 230 205 113 113 132 91 86 165 88 109 120 160 93 155 106 163 51 168 142 160 145 87 183 181 119 0 50 131 122 86 115 
189 113 98 82 148 300 124 166 212 216 229 161 93 121 121 78 123 118 139 100 158 143 170 56 152 101 148 92 149 95 137 163 211 99 50 0 166 164 36 165 
151 53 83 84 128 295 104 187 197 99 208 239 73 142 101 202 125 98 119 80 107 38 150 180 173 182 88 139 170 136 44 143 113 79 131 166 0 144 130 168 
32 91 170 82 126 187 40 135 78 191 163 235 71 90 49 208 98 46 67 78 118 145 148 220 121 129 126 137 118 134 151 141 139 77 122 164 144 0 128 193 
153 77 134 46 112 315 88 171 176 229 211 197 57 126 85 114 87 82 103 64 122 109 134 92 135 137 112 123 154 120 115 127 175 63 86 36 130 128 0 201 
225 204 163 193 239 365 153 248 271 267 276 166 184 203 162 201 204 159 180 191 231 130 168 221 203 64 210 250 231 247 124 248 252 190 115 165 168 193 201 0 
64
12
31
35
33
60
3
99
62
19
77
68
45
58
62
78
21
28
55
86
86
8
5
23
45
33
32
74
16
59
14
34
92
81
76
20
86
56
63
