20
0 302 153 191 190 247 311 329 335 249 139 249 217 314 324 394 292 202 164 217 
302 0 149 111 112 181 231 251 331 171 163 179 139 245 246 316 212 122 138 137 
153 149 0 38 37 108 158 176 182 96 14 106 64 172 171 241 139 49 11 64 
191 111 38 0 1 70 120 140 220 60 52 68 28 134 135 205 101 11 27 26 
190 112 37 1 0 71 121 139 219 59 51 69 27 135 134 204 102 12 26 27 
247 181 108 70 71 0 119 210 230 130 122 2 98 67 205 275 100 81 97 96 
311 231 158 120 121 119 0 145 340 180 172 121 148 52 140 325 19 131 147 146 
329 251 176 140 139 210 145 0 358 80 190 208 166 197 5 225 164 151 165 166 
335 331 182 220 219 230 340 358 0 278 196 232 246 297 353 423 321 231 193 246 
249 171 96 60 59 130 180 80 278 0 110 128 86 194 75 145 161 71 85 86 
139 163 14 52 51 122 172 190 196 110 0 120 78 186 185 255 153 63 25 78 
249 179 106 68 69 2 121 208 232 128 120 0 96 69 203 273 102 79 95 94 
217 139 64 28 27 98 148 166 246 86 78 96 0 162 161 231 129 39 53 54 
314 245 172 134 135 67 52 197 297 194 186 69 162 0 192 339 33 145 161 160 
324 246 171 135 134 205 140 5 353 75 185 203 161 192 0 220 159 146 160 161 
394 316 241 205 204 275 325 225 423 145 255 273 231 339 220 0 306 216 230 231 
292 212 139 101 102 100 19 164 321 161 153 102 129 33 159 306 0 112 128 127 
202 122 49 11 12 81 131 151 231 71 63 79 39 145 146 216 112 0 38 37 
164 138 11 27 26 97 147 165 193 85 25 95 53 161 160 230 128 38 0 53 
217 137 64 26 27 96 146 166 246 86 78 94 54 160 161 231 127 37 53 0 
64
91
17
97
98
42
39
71
55
16
43
38
8
29
30
81
55
90
43
