10
0 112 251 343 112 259 315 227 46 159 
112 0 363 360 186 217 335 185 66 117 
251 363 0 495 363 348 113 331 297 399 
343 360 495 0 455 347 382 379 389 318 
112 186 363 455 0 371 427 339 158 271 
259 217 348 347 371 0 461 32 282 100 
315 335 113 382 427 461 0 444 269 452 
227 185 331 379 339 32 444 0 251 68 
46 66 297 389 158 282 269 251 0 183 
159 117 399 318 271 100 452 68 183 0 
52
98
15
39
69
12
17
34
33
