12
0 151 120 367 260 113 203 122 120 217 230 220 
151 0 77 216 167 42 138 219 35 124 111 69 
120 77 0 293 244 35 215 236 42 201 188 146 
367 216 293 0 245 258 216 297 251 202 189 147 
260 167 244 245 0 209 57 138 202 43 56 98 
113 42 35 258 209 0 180 235 7 166 153 111 
203 138 215 216 57 180 0 81 173 14 27 69 
122 219 236 297 138 235 81 0 242 95 108 150 
120 35 42 251 202 7 173 242 0 159 146 104 
217 124 201 202 43 166 14 95 159 0 13 55 
230 111 188 189 56 153 27 108 146 13 0 42 
220 69 146 147 98 111 69 150 104 55 42 0 
22
65
22
66
82
91
23
29
20
54
12
