30
0 98 84 26 84 66 82 65 99 113 90 119 147 47 84 51 38 51 41 118 109 94 137 118 59 85 111 8 91 77 
98 0 95 72 130 73 153 147 197 159 44 165 107 93 159 97 96 103 93 93 25 117 189 164 86 13 163 90 143 57 
84 95 0 58 66 150 89 133 183 95 139 151 63 37 95 33 122 135 125 188 120 165 142 100 143 108 195 76 175 140 
26 72 58 0 58 92 81 75 125 87 95 93 121 21 87 25 64 77 67 132 97 108 126 92 85 59 137 18 117 82 
84 130 66 58 0 150 89 133 183 95 153 151 129 37 95 33 122 135 125 189 155 165 142 34 143 117 195 76 175 140 
66 73 150 92 150 0 126 131 163 179 74 185 180 113 150 117 28 35 25 108 93 84 121 184 49 60 95 74 75 61 
82 153 89 81 89 126 0 147 181 118 148 174 152 60 118 56 98 111 101 132 167 108 165 123 77 140 171 90 151 135 
65 147 133 75 133 131 147 0 164 162 155 168 196 96 73 100 103 116 106 171 172 147 201 167 124 134 176 57 156 142 
99 197 183 125 183 163 181 164 0 212 187 218 246 146 183 150 135 148 138 215 206 191 234 201 156 184 201 107 188 174 
113 159 95 87 95 179 118 162 212 0 182 180 158 66 124 62 151 164 154 218 184 194 164 129 172 146 224 105 204 169 
90 44 139 95 153 74 148 155 187 182 0 188 151 116 174 120 52 59 49 49 19 73 145 187 71 57 119 98 99 13 
119 165 151 93 151 185 174 168 218 180 188 0 214 114 180 118 157 154 160 225 190 201 200 185 178 152 214 111 194 175 
147 107 63 121 129 180 152 196 246 158 151 214 0 100 158 96 185 198 188 200 132 224 145 163 193 120 258 139 238 164 
47 93 37 21 37 113 60 96 146 66 116 114 100 0 66 4 85 98 88 152 118 128 105 71 106 80 158 39 138 103 
84 159 95 87 95 150 118 73 183 124 174 180 158 66 0 62 122 135 125 202 184 178 171 129 143 146 195 92 175 161 
51 97 33 25 33 117 56 100 150 62 120 118 96 4 62 0 89 102 92 156 122 132 109 67 110 84 162 43 142 107 
38 96 122 64 122 28 98 103 135 151 52 157 185 85 122 89 0 13 3 80 71 56 99 156 21 88 73 46 53 39 
51 103 135 77 135 35 111 116 148 164 59 154 198 98 135 102 13 0 10 93 78 69 86 169 34 95 60 59 40 46 
41 93 125 67 125 25 101 106 138 154 49 160 188 88 125 92 3 10 0 83 68 59 96 159 24 85 70 49 50 36 
118 93 188 132 189 108 132 171 215 218 49 225 200 152 202 156 80 93 83 0 68 24 179 223 101 106 153 114 133 62 
109 25 120 97 155 93 167 172 206 184 19 190 132 118 184 122 71 78 68 68 0 92 164 189 90 38 138 115 118 32 
94 117 165 108 165 84 108 147 191 194 73 201 224 128 178 132 56 69 59 24 92 0 155 199 77 130 129 90 109 86 
137 189 142 126 142 121 165 201 234 164 145 200 145 105 171 109 99 86 96 179 164 155 0 176 120 181 146 144 126 132 
118 164 100 92 34 184 123 167 201 129 187 185 163 71 129 67 156 169 159 223 189 199 176 0 177 151 229 110 209 174 
59 86 143 85 143 49 77 124 156 172 71 178 193 106 143 110 21 34 24 101 90 77 120 177 0 73 94 67 74 58 
85 13 108 59 117 60 140 134 184 146 57 152 120 80 146 84 88 95 85 106 38 130 181 151 73 0 155 77 135 70 
111 163 195 137 195 95 171 176 201 224 119 214 258 158 195 162 73 60 70 153 138 129 146 229 94 155 0 119 100 106 
8 90 76 18 76 74 90 57 107 105 98 111 139 39 92 43 46 59 49 114 115 90 144 110 67 77 119 0 99 85 
91 143 175 117 175 75 151 156 188 204 99 194 238 138 175 142 53 40 50 133 118 109 126 209 74 135 100 99 0 86 
77 57 140 82 140 61 135 142 174 169 13 175 164 103 161 107 39 46 36 62 32 86 132 174 58 70 106 85 86 0 
25
39
55
41
3
22
16
93
84
22
47
62
94
86
65
99
54
60
61
8
28
21
11
74
50
42
3
46
91
