22
0 291 136 138 165 206 130 186 268 402 139 149 227 164 125 241 137 167 197 205 261 111 
291 0 305 253 178 264 299 355 223 368 152 264 240 279 294 254 306 180 253 245 430 280 
136 305 0 52 179 105 14 100 182 301 153 63 240 78 11 254 1 180 111 119 131 25 
138 253 52 0 127 68 46 102 184 264 101 11 189 26 41 203 53 129 59 67 177 27 
165 178 179 127 0 86 168 222 271 282 26 138 62 153 168 76 180 2 75 67 261 154 
206 264 105 68 86 0 114 170 252 196 112 79 148 94 109 162 106 88 27 19 236 95 
130 299 14 46 168 114 0 94 176 310 147 57 226 72 5 240 15 166 105 113 145 19 
186 355 100 102 222 170 94 0 232 366 203 113 284 128 89 298 101 224 161 155 225 75 
268 223 182 184 271 252 176 232 0 145 245 195 333 210 171 347 183 273 243 251 307 157 
402 368 301 264 282 196 310 366 145 0 308 275 246 290 305 358 302 284 223 215 234 291 
139 152 153 101 26 112 147 203 245 308 0 112 88 127 142 102 154 28 101 93 278 128 
149 264 63 11 138 79 57 113 195 275 112 0 200 37 52 214 64 140 70 78 188 38 
227 240 240 189 62 148 226 284 333 246 88 200 0 215 230 134 241 60 137 129 323 216 
164 279 78 26 153 94 72 128 210 290 127 37 215 0 67 229 79 155 85 93 203 53 
125 294 11 41 168 109 5 89 171 305 142 52 230 67 0 244 12 170 100 108 142 14 
241 254 254 203 76 162 240 298 347 358 102 214 134 229 244 0 255 74 151 143 337 230 
137 306 1 53 180 106 15 101 183 302 154 64 241 79 12 255 0 181 112 120 130 26 
167 180 180 129 2 88 166 224 273 284 28 140 60 155 170 74 181 0 77 69 263 156 
197 253 111 59 75 27 105 161 243 223 101 70 137 85 100 151 112 77 0 8 236 86 
205 245 119 67 67 19 113 155 251 215 93 78 129 93 108 143 120 69 8 0 244 94 
261 430 131 177 261 236 145 225 307 234 278 188 323 203 142 337 130 263 236 244 0 150 
111 280 25 27 154 95 19 75 157 291 128 38 216 53 14 230 26 156 86 94 150 0 
38
32
65
90
96
86
38
96
30
40
24
82
88
90
41
56
3
19
61
91
17
