15
0 148 120 165 231 113 228 122 217 126 303 155 172 256 277 
148 0 268 167 83 35 150 210 69 48 208 35 160 178 175 
120 268 0 285 256 233 337 242 242 246 233 275 292 147 348 
165 167 285 0 112 202 155 43 98 215 224 202 7 310 198 
231 83 256 112 0 118 81 155 14 131 153 118 105 239 120 
113 35 233 202 118 0 115 235 104 13 229 42 195 143 175 
228 150 337 155 81 115 0 178 95 102 234 157 148 232 201 
122 210 242 43 155 235 178 0 141 248 181 245 50 267 155 
217 69 242 98 14 104 95 141 0 117 139 104 91 225 106 
126 48 246 215 131 13 102 248 117 0 216 55 208 130 188 
303 208 233 224 153 229 234 181 139 216 0 243 230 86 245 
155 35 275 202 118 42 157 245 104 55 243 0 195 185 210 
172 160 292 7 105 195 148 50 91 208 230 195 0 316 197 
256 178 147 310 239 143 232 267 225 130 86 185 316 0 318 
277 175 348 198 120 175 201 155 106 188 245 210 197 318 0 
83
77
44
6
79
56
72
16
83
40
83
15
83
21
