25
0 216 140 196 170 172 283 237 151 255 139 206 192 330 177 313 184 208 222 263 315 111 230 151 241 
216 0 115 171 145 147 258 152 126 208 116 144 158 220 152 237 159 183 197 263 182 105 14 126 216 
140 115 0 56 30 32 143 97 11 115 1 66 52 190 37 173 44 68 82 148 175 99 101 11 101 
196 171 56 0 26 28 171 93 67 59 57 41 27 157 33 174 35 114 26 144 119 133 157 45 147 
170 145 30 26 0 2 163 67 41 85 31 67 53 183 7 200 61 88 52 118 145 107 131 19 121 
172 147 32 28 2 0 161 69 43 87 33 69 55 185 5 202 63 86 54 116 147 109 133 21 119 
283 258 143 171 163 161 0 230 154 230 144 209 195 172 156 155 187 75 145 245 210 242 244 154 108 
237 152 97 93 67 69 230 0 108 152 98 134 120 157 74 174 128 155 119 185 195 174 166 86 188 
151 126 11 67 41 43 154 108 0 126 12 55 41 201 48 184 33 79 93 159 186 110 112 22 112 
255 208 115 59 85 87 230 152 126 0 116 100 86 98 92 115 94 173 85 203 60 192 194 104 206 
139 116 1 57 31 33 144 98 12 116 0 67 53 191 38 174 45 69 83 149 176 100 102 12 102 
206 144 66 41 67 69 209 134 55 100 67 0 14 196 74 179 22 134 67 185 160 164 130 77 158 
192 158 52 27 53 55 195 120 41 86 53 14 0 182 60 165 8 120 53 171 146 150 144 63 144 
330 220 190 157 183 185 172 157 201 98 191 196 182 0 190 17 190 247 155 189 38 289 234 201 263 
177 152 37 33 7 5 156 74 48 92 38 74 60 190 0 207 68 81 59 111 152 114 138 26 114 
313 237 173 174 200 202 155 174 184 115 174 179 165 17 207 0 173 230 172 206 55 272 251 184 263 
184 159 44 35 61 63 187 128 33 94 45 22 8 190 68 173 0 112 61 179 154 143 145 55 145 
208 183 68 114 88 86 75 155 79 173 69 134 120 247 81 230 112 0 140 192 233 167 169 79 33 
222 197 82 26 52 54 145 119 93 85 83 67 53 155 59 172 61 140 0 170 145 159 183 71 173 
263 263 148 144 118 116 245 185 159 203 149 185 171 189 111 206 179 192 170 0 227 225 249 137 225 
315 182 175 119 145 147 210 195 186 60 176 160 146 38 152 55 154 233 145 227 0 252 196 164 225 
111 105 99 133 107 109 242 174 110 192 100 164 150 289 114 272 143 167 159 225 252 0 119 88 200 
230 14 101 157 131 133 244 166 112 194 102 130 144 234 138 251 145 169 183 249 196 119 0 112 202 
151 126 11 45 19 21 154 86 22 104 12 77 63 201 26 184 55 79 71 137 164 88 112 0 112 
241 216 101 147 121 119 108 188 112 206 102 158 144 263 114 263 145 33 173 225 225 200 202 112 0 
100
43
86
30
92
50
87
82
93
26
95
48
8
31
8
69
25
11
88
8
67
45
69
55
