15
0 92 308 130 128 218 82 115 99 134 233 227 155 133 84 
92 0 221 38 145 126 174 158 191 226 314 150 63 225 8 
308 221 0 183 206 95 226 193 363 349 255 295 158 370 229 
130 38 183 0 107 88 153 120 229 205 304 112 25 226 46 
128 145 206 107 0 195 46 13 183 185 197 219 132 206 153 
218 126 95 88 195 0 241 208 317 254 350 200 63 275 134 
82 174 226 153 46 241 0 33 137 205 151 265 178 215 166 
115 158 193 120 13 208 33 0 170 172 184 232 145 193 166 
99 191 363 229 183 317 137 170 0 233 288 326 254 232 183 
134 226 349 205 185 254 205 172 233 0 236 93 230 21 218 
233 314 255 304 197 350 151 184 288 236 0 329 329 215 317 
227 150 295 112 219 200 265 232 326 93 329 0 137 114 158 
155 63 158 25 132 63 178 145 254 230 329 137 0 250 71 
133 225 370 226 206 275 215 193 232 21 215 114 250 0 217 
84 8 229 46 153 134 166 166 183 218 317 158 71 217 0 
18
82
47
43
21
98
73
60
69
91
89
33
94
80
