30
0 116 120 175 87 113 130 84 243 133 78 114 72 97 112 150 212 138 35 130 123 69 52 130 35 98 130 188 124 143 
116 0 129 215 105 76 126 130 239 116 124 110 120 93 81 43 166 184 151 94 7 121 98 155 81 62 14 81 36 139 
120 129 0 119 71 110 58 127 171 13 121 42 86 59 48 86 140 102 154 151 136 87 108 87 125 166 138 124 144 71 
175 215 119 0 142 139 144 91 257 106 97 128 157 130 141 179 226 86 204 222 222 158 157 173 140 203 201 217 179 157 
87 105 71 142 0 97 45 111 158 84 105 29 15 12 119 148 127 165 107 80 112 18 139 74 122 112 91 135 103 58 
113 76 110 139 97 0 84 141 197 123 135 68 112 85 136 119 166 195 148 170 83 113 112 86 129 138 62 157 40 97 
130 126 58 144 45 84 0 132 113 71 126 16 60 33 106 144 103 160 116 125 133 61 166 61 156 140 112 122 124 45 
84 130 127 91 111 141 132 0 205 114 6 116 125 99 126 164 214 54 113 144 137 122 66 111 49 112 144 202 138 95 
243 239 171 257 158 197 113 205 0 184 211 129 173 146 219 257 216 259 229 238 246 174 271 174 254 253 225 235 220 158 
133 116 13 106 84 123 71 114 184 0 108 55 99 72 35 73 153 115 167 164 123 100 95 100 112 175 130 111 131 84 
78 124 121 97 105 135 126 6 211 108 0 110 119 93 120 158 208 60 113 138 131 116 60 117 43 106 138 196 132 101 
114 110 42 128 29 68 16 116 129 55 110 0 44 17 90 128 98 144 112 109 117 45 150 45 140 124 96 106 108 29 
72 120 86 157 15 112 60 125 173 99 119 44 0 27 134 163 142 179 107 95 127 3 124 89 107 127 106 150 107 73 
97 93 59 130 12 85 33 99 146 72 93 17 27 0 107 136 115 153 95 92 100 28 149 62 132 124 79 123 91 46 
112 81 48 141 119 136 106 126 219 35 120 90 134 107 0 38 188 150 147 166 88 135 60 88 77 140 95 76 96 104 
150 43 86 179 148 119 144 164 257 73 158 128 163 136 38 0 209 188 185 128 50 164 98 126 115 105 57 38 79 142 
212 166 140 226 127 166 103 214 216 153 208 98 142 115 188 209 0 242 210 207 173 143 246 143 238 222 152 204 174 127 
138 184 102 86 165 195 160 54 259 115 60 144 179 153 150 188 242 0 167 198 191 176 120 165 103 166 198 201 192 149 
35 151 154 204 107 148 116 113 229 167 113 112 107 95 147 185 210 167 0 165 158 104 87 157 70 133 165 218 159 141 
130 94 151 222 80 170 125 144 238 164 138 109 95 92 166 128 207 198 165 0 87 98 112 154 95 32 108 90 130 138 
123 7 136 222 112 83 133 137 246 123 131 117 127 100 88 50 173 191 158 87 0 128 105 162 88 55 21 88 43 146 
69 121 87 158 18 113 61 122 174 100 116 45 3 28 135 164 143 176 104 98 128 0 121 90 104 130 107 151 104 74 
52 98 108 157 139 112 166 66 271 95 60 150 124 149 60 98 246 120 87 112 105 121 0 112 17 80 94 136 72 128 
130 155 87 173 74 86 61 111 174 100 117 45 89 62 88 126 143 165 157 154 162 90 112 0 95 158 141 151 126 16 
35 81 125 140 122 129 156 49 254 112 43 140 107 132 77 115 238 103 70 95 88 104 17 95 0 63 95 153 89 111 
98 62 166 203 112 138 140 112 253 175 106 124 127 124 140 105 222 166 133 32 55 130 80 158 63 0 76 122 98 153 
130 14 138 201 91 62 112 144 225 130 138 96 106 79 95 57 152 198 165 108 21 107 94 141 95 76 0 95 22 125 
188 81 124 217 135 157 122 202 235 111 196 106 150 123 76 38 204 201 218 90 88 151 136 151 153 122 95 0 117 135 
124 36 144 179 103 40 124 138 220 131 132 108 107 91 96 79 174 192 159 130 43 104 72 126 89 98 22 117 0 137 
143 139 71 157 58 97 45 95 158 84 101 29 73 46 104 142 127 149 141 138 146 74 128 16 111 153 125 135 137 0 
89
34
51
4
61
80
15
48
97
72
41
44
83
27
28
39
90
5
51
50
7
30
54
76
72
9
3
16
48
