25
0 108 247 97 38 53 65 186 73 83 44 72 262 143 53 128 52 65 67 36 75 102 126 5 51 
108 0 271 183 124 139 151 206 181 118 142 96 312 150 151 138 160 43 91 122 173 126 164 103 107 
247 271 0 272 213 228 240 361 320 258 252 185 437 338 261 365 253 302 180 211 283 215 334 242 196 
97 183 272 0 63 78 120 211 170 108 102 97 287 188 111 183 110 152 92 61 133 127 184 92 76 
38 124 213 63 0 15 60 148 111 45 39 38 228 125 48 154 47 93 33 2 70 68 121 33 17 
53 139 228 78 15 0 75 163 126 60 54 53 243 140 63 169 62 108 48 17 85 83 136 48 32 
65 151 240 120 60 75 0 208 138 105 63 65 275 144 54 160 13 130 60 59 94 95 127 70 44 
186 206 361 211 148 163 208 0 259 103 187 186 303 273 196 273 195 178 181 150 218 216 269 181 165 
73 181 320 170 111 126 138 259 0 156 117 145 335 216 126 201 125 138 140 109 148 175 199 78 124 
83 118 258 108 45 60 105 103 156 0 84 83 200 170 93 170 92 75 78 47 115 113 166 78 62 
44 142 252 102 39 54 63 187 117 84 0 77 230 99 9 115 50 99 72 41 31 107 82 39 56 
72 96 185 97 38 53 65 186 145 83 77 0 262 163 86 190 78 127 5 36 108 30 159 67 21 
262 312 437 287 228 243 275 303 335 200 230 262 0 311 221 327 262 275 257 226 261 292 148 257 241 
143 150 338 188 125 140 144 273 216 170 99 163 311 0 90 196 131 127 158 127 130 193 163 138 142 
53 151 261 111 48 63 54 196 126 93 9 86 221 90 0 106 41 108 81 50 40 116 73 48 65 
128 138 365 183 154 169 160 273 201 170 115 190 327 196 106 0 147 95 185 154 146 220 179 123 169 
52 160 253 110 47 62 13 195 125 92 50 78 262 131 41 147 0 117 73 49 81 108 114 57 57 
65 43 302 152 93 108 130 178 138 75 99 127 275 127 108 95 117 0 122 91 130 157 181 60 106 
67 91 180 92 33 48 60 181 140 78 72 5 257 158 81 185 73 122 0 31 103 35 154 62 16 
36 122 211 61 2 17 59 150 109 47 41 36 226 127 50 154 49 91 31 0 72 66 123 31 15 
75 173 283 133 70 85 94 218 148 115 31 108 261 130 40 146 81 130 103 72 0 138 113 70 87 
102 126 215 127 68 83 95 216 175 113 107 30 292 193 116 220 108 157 35 66 138 0 189 97 51 
126 164 334 184 121 136 127 269 199 166 82 159 148 163 73 179 114 181 154 123 113 189 0 121 138 
5 103 242 92 33 48 70 181 78 78 39 67 257 138 48 123 57 60 62 31 70 97 121 0 46 
51 107 196 76 17 32 44 165 124 62 56 21 241 142 65 169 57 106 16 15 87 51 138 46 0 
67
55
85
40
42
43
13
81
12
51
47
97
62
34
83
17
32
20
48
57
35
19
65
32
