45
0 171 131 97 126 211 160 155 134 146 107 141 96 201 185 147 186 110 172 165 84 145 110 124 150 180 126 158 125 94 119 161 100 129 128 83 235 26 149 146 155 172 111 144 215 
171 0 152 268 108 152 181 160 154 144 127 186 183 197 154 174 184 187 194 170 139 131 145 110 148 162 130 175 102 185 171 208 151 150 175 173 64 197 154 167 295 174 116 189 85 
131 152 0 129 103 105 29 85 137 67 118 79 35 70 54 79 107 53 104 75 112 114 42 101 63 157 118 40 113 37 77 103 156 2 70 75 144 105 61 15 200 82 99 82 165 
97 268 129 0 183 234 100 214 206 175 198 136 164 199 183 208 215 182 233 204 181 160 171 181 179 237 205 169 209 166 202 232 160 131 199 180 258 123 190 144 252 211 208 133 279 
126 108 103 183 0 123 111 111 46 36 19 122 97 89 157 77 76 79 86 101 75 23 114 2 40 54 22 77 96 95 63 100 142 101 67 65 140 100 57 102 198 103 95 119 127 
211 152 105 234 123 0 134 173 125 156 104 154 140 175 79 156 196 158 171 163 191 142 147 121 152 177 145 115 181 142 181 178 230 107 145 180 88 185 136 90 277 156 174 157 67 
160 181 29 100 111 134 0 114 157 75 130 108 64 99 83 108 115 82 133 104 137 134 71 113 79 165 133 69 142 66 102 132 185 31 99 104 173 134 90 44 229 111 128 111 194 
155 160 85 214 111 173 114 0 129 75 102 146 99 155 139 102 115 117 127 10 137 134 124 113 79 165 133 103 58 101 102 164 71 87 133 139 127 129 82 100 223 17 44 149 106 
134 154 137 206 46 125 157 129 0 82 27 76 122 135 173 119 122 125 94 119 69 65 156 44 86 100 68 123 104 120 104 142 153 135 109 82 156 108 103 140 240 112 118 73 135 
146 144 67 175 36 156 75 75 82 0 55 130 61 125 121 41 40 43 66 65 62 59 78 38 4 90 58 41 73 59 27 89 122 65 71 97 104 127 21 66 162 67 59 133 125 
107 127 118 198 19 104 130 102 27 55 0 103 116 108 146 92 95 98 67 92 94 38 129 17 59 73 41 96 77 114 82 115 126 116 82 84 129 81 76 121 213 85 91 100 108 
141 186 79 136 122 154 108 146 76 130 103 0 98 149 133 130 170 112 155 154 145 141 121 120 126 176 101 89 88 96 136 152 137 81 119 58 122 164 110 64 250 161 102 3 143 
96 183 35 164 97 140 64 99 122 61 116 98 0 105 89 102 101 18 86 89 77 120 73 99 65 151 83 75 134 2 42 104 144 33 105 40 165 70 82 50 223 82 120 101 156 
201 197 70 199 89 175 99 155 135 125 108 149 105 0 124 143 165 123 118 145 164 112 112 91 129 143 111 110 102 107 147 173 151 72 140 145 214 175 131 85 264 152 116 152 216 
185 154 54 183 157 79 83 139 173 121 146 133 89 124 0 133 161 107 158 129 166 168 96 155 117 211 172 94 128 91 131 157 177 56 124 129 90 159 115 69 254 136 114 136 111 
147 174 79 208 77 156 108 102 119 41 92 130 102 143 133 0 81 84 25 106 103 100 37 79 37 131 99 41 72 100 68 104 121 77 71 132 145 143 20 66 121 100 58 131 166 
186 184 107 215 76 196 115 115 122 40 95 170 101 165 161 81 0 83 106 105 102 99 118 78 44 130 98 81 113 99 67 129 162 105 111 137 144 167 61 106 202 107 99 173 165 
110 187 53 182 79 158 82 117 125 43 98 112 18 123 107 84 83 0 100 107 91 102 91 81 47 133 97 84 116 16 56 118 158 51 114 54 147 84 64 68 205 100 102 115 168 
172 194 104 233 86 171 133 127 94 66 67 155 86 118 158 25 106 100 0 131 128 105 62 84 62 140 108 66 97 84 93 129 146 102 96 122 170 148 45 91 146 125 83 156 175 
165 170 75 204 101 163 104 10 119 65 92 154 89 145 129 106 105 107 131 0 127 124 114 103 69 155 123 106 68 91 92 154 81 77 136 129 117 139 86 90 227 7 54 157 96 
84 139 112 181 75 191 137 137 69 62 94 145 77 164 166 103 102 91 128 127 0 95 140 77 66 129 97 76 135 75 35 84 184 110 51 113 166 110 83 101 224 129 121 142 149 
145 131 114 160 23 142 134 134 65 59 38 141 120 112 168 100 99 102 105 124 95 0 137 21 63 77 45 74 115 118 86 77 164 116 44 88 163 119 80 99 221 123 118 138 146 
110 145 42 171 114 147 71 124 156 78 129 121 73 112 96 37 118 91 62 114 140 137 0 116 74 168 136 78 109 75 105 141 158 40 108 95 169 136 57 57 158 107 95 124 148 
124 110 101 181 2 121 113 113 44 38 17 120 99 91 155 79 78 81 84 103 77 21 116 0 42 56 24 79 94 97 65 98 143 99 65 67 142 98 59 104 200 102 97 117 125 
150 148 63 179 40 152 79 79 86 4 59 126 65 129 117 37 44 47 62 69 66 63 74 42 0 94 62 37 69 63 31 93 118 61 67 101 108 131 17 62 158 63 55 129 129 
180 162 157 237 54 177 165 165 100 90 73 176 151 143 211 131 130 133 140 155 129 77 168 56 94 0 76 131 150 149 117 154 156 155 121 119 194 154 111 156 252 157 149 173 181 
126 130 118 205 22 145 133 133 68 58 41 101 83 111 172 99 98 97 108 123 97 45 136 24 62 76 0 99 118 81 85 122 120 116 89 43 162 122 79 124 220 125 117 104 149 
158 175 40 169 77 115 69 103 123 41 96 89 75 110 94 41 81 84 66 106 76 74 78 79 37 131 99 0 73 77 68 63 121 42 30 115 145 144 21 25 162 100 59 92 166 
125 102 113 209 96 181 142 58 104 73 77 88 134 102 128 72 113 116 97 68 135 115 109 94 69 150 118 73 0 132 100 136 49 115 103 117 116 99 52 98 193 75 14 91 136 
94 185 37 166 95 142 66 101 120 59 114 96 2 107 91 100 99 16 84 91 75 118 75 97 63 149 81 77 132 0 40 102 142 35 107 38 163 68 80 52 221 84 118 99 154 
119 171 77 202 63 181 102 102 104 27 82 136 42 147 131 68 67 56 93 92 35 86 105 65 31 117 85 68 100 40 0 62 149 75 86 78 131 108 48 92 189 94 86 139 114 
161 208 103 232 100 178 132 164 142 89 115 152 104 173 157 104 129 118 129 154 84 77 141 98 93 154 122 63 136 102 62 0 183 105 33 140 167 170 84 88 225 156 122 155 176 
100 151 156 160 142 230 185 71 153 122 126 137 144 151 177 121 162 158 146 81 184 164 158 143 118 156 120 121 49 142 149 183 0 158 150 163 165 74 101 146 242 88 63 140 177 
129 150 2 131 101 107 31 87 135 65 116 81 33 72 56 77 105 51 102 77 110 116 40 99 61 155 116 42 115 35 75 105 158 0 72 73 146 103 63 17 198 84 101 84 167 
128 175 70 199 67 145 99 133 109 71 82 119 105 140 124 71 111 114 96 136 51 44 108 65 67 121 89 30 103 107 86 33 150 72 0 132 175 154 51 55 192 130 89 122 190 
83 173 75 180 65 180 104 139 82 97 84 58 40 145 129 132 137 54 122 129 113 88 95 67 101 119 43 115 117 38 78 140 163 73 132 0 180 106 118 90 192 122 103 61 168 
235 64 144 258 140 88 173 127 156 104 129 122 165 214 90 145 144 147 170 117 166 163 169 142 108 194 162 145 116 163 131 167 165 146 175 180 0 210 125 159 266 110 130 125 21 
26 197 105 123 100 185 134 129 108 127 81 164 70 175 159 143 167 84 148 139 110 119 136 98 131 154 122 144 99 68 108 170 74 103 154 106 210 0 123 120 181 146 85 167 189 
149 154 61 190 57 136 90 82 103 21 76 110 82 131 115 20 61 64 45 86 83 80 57 59 17 111 79 21 52 80 48 84 101 63 51 118 125 123 0 46 141 80 38 113 146 
146 167 15 144 102 90 44 100 140 66 121 64 50 85 69 66 106 68 91 90 101 99 57 104 62 156 124 25 98 52 92 88 146 17 55 90 159 120 46 0 187 97 84 67 157 
155 295 200 252 198 277 229 223 240 162 213 250 223 264 254 121 202 205 146 227 224 221 158 200 158 252 220 162 193 221 189 225 242 198 192 192 266 181 141 187 0 221 179 252 287 
172 174 82 211 103 156 111 17 112 67 85 161 82 152 136 100 107 100 125 7 129 123 107 102 63 157 125 100 75 84 94 156 88 84 130 122 110 146 80 97 221 0 61 164 89 
111 116 99 208 95 174 128 44 118 59 91 102 120 116 114 58 99 102 83 54 121 118 95 97 55 149 117 59 14 118 86 122 63 101 89 103 130 85 38 84 179 61 0 105 150 
144 189 82 133 119 157 111 149 73 133 100 3 101 152 136 131 173 115 156 157 142 138 124 117 129 173 104 92 91 99 139 155 140 84 122 61 125 167 113 67 252 164 105 0 146 
215 85 165 279 127 67 194 106 135 125 108 143 156 216 111 166 165 168 175 96 149 146 148 125 129 181 149 166 136 154 114 176 177 167 190 168 21 189 146 157 287 89 150 146 0 
13
19
47
13
20
4
14
15
51
46
75
43
34
13
52
12
21
68
73
40
14
56
62
43
92
88
5
6
28
75
34
54
21
83
48
95
60
73
67
81
1
63
36
92
