15
0 154 269 206 249 253 256 302 73 134 149 119 303 168 166 
154 0 187 52 95 143 249 227 81 20 5 44 202 67 65 
269 187 0 193 236 206 373 333 212 204 189 150 303 191 189 
206 52 193 0 43 91 301 279 133 72 57 96 254 119 117 
249 95 236 43 0 134 344 322 176 115 100 139 297 162 160 
253 143 206 91 134 0 363 370 180 163 148 187 345 210 208 
256 249 373 301 344 363 0 212 183 229 244 231 321 182 184 
302 227 333 279 322 370 212 0 298 237 222 183 132 232 230 
73 81 212 133 176 180 183 298 0 61 76 115 243 108 106 
134 20 204 72 115 163 229 237 61 0 15 54 182 47 45 
149 5 189 57 100 148 244 222 76 15 0 39 197 62 60 
119 44 150 96 139 187 231 183 115 54 39 0 184 49 47 
303 202 303 254 297 345 321 132 243 182 197 184 0 139 137 
168 67 191 119 162 210 182 232 108 47 62 49 139 0 2 
166 65 189 117 160 208 184 230 106 45 60 47 137 2 0 
96
50
46
74
54
27
18
59
35
30
42
77
62
30
