45
0 134 234 145 103 207 136 154 173 140 129 136 165 137 193 172 183 69 176 133 206 231 208 62 204 134 140 99 123 192 144 148 200 152 151 197 165 134 158 184 144 100 179 105 144 
134 0 142 53 51 146 2 30 78 88 5 116 118 106 69 80 59 65 84 81 100 135 152 72 112 140 16 85 129 68 48 50 76 18 27 105 134 118 57 92 10 110 95 84 10 
234 142 0 114 135 128 144 172 179 172 147 98 207 179 149 62 201 183 145 165 192 202 134 176 173 165 158 213 111 210 94 117 158 124 169 87 151 149 199 75 152 199 120 144 132 
145 53 114 0 104 118 51 83 75 75 58 88 98 126 113 52 112 90 31 82 139 88 119 83 59 146 69 120 101 121 84 3 129 71 80 72 98 149 96 39 63 121 148 40 63 
103 51 135 104 0 139 53 81 70 37 56 109 149 157 94 73 110 48 81 30 151 172 145 41 163 113 67 78 122 119 41 101 114 49 78 98 162 113 91 86 61 79 126 84 41 
207 146 128 118 139 0 148 161 127 160 151 102 211 183 100 66 205 187 117 167 196 206 57 180 177 224 140 207 115 199 98 121 80 128 129 91 155 163 148 79 156 198 221 148 136 
136 2 144 51 53 148 0 32 80 90 7 118 120 104 71 82 61 67 82 83 102 133 154 74 110 142 18 87 131 70 50 48 78 20 29 107 132 120 59 90 12 112 97 86 12 
154 30 172 83 81 161 32 0 108 118 25 146 148 136 61 110 79 85 114 111 120 144 182 92 142 164 36 105 159 38 78 80 81 48 47 135 161 148 87 122 40 130 125 114 40 
173 78 179 75 70 127 80 108 0 33 83 153 162 134 147 117 137 118 44 40 178 163 148 111 134 97 94 80 166 146 111 78 154 96 105 142 150 148 21 114 68 119 142 115 88 
140 88 172 75 37 160 90 118 33 0 93 146 173 167 131 110 147 85 44 7 188 163 181 78 134 130 104 113 159 156 78 78 151 86 115 135 173 150 54 114 98 116 163 115 78 
129 5 147 58 56 151 7 25 83 93 0 121 123 111 64 85 54 60 89 86 95 140 157 67 117 139 11 80 134 63 53 55 71 23 22 110 136 123 62 97 15 105 100 89 15 
136 116 98 88 109 102 118 146 153 146 121 0 109 81 123 36 175 157 119 139 94 119 108 150 147 222 132 187 13 184 68 91 129 98 143 61 53 133 173 49 126 188 191 118 106 
165 118 207 98 149 211 120 148 162 173 123 109 0 28 187 145 177 147 129 179 97 122 211 140 157 136 134 141 122 186 146 95 194 116 145 164 56 209 141 137 128 102 181 138 108 
137 106 179 126 157 183 104 136 134 167 111 81 28 0 175 117 165 171 157 174 69 94 189 168 149 164 122 169 94 174 149 123 182 124 133 142 28 214 113 130 116 130 201 166 116 
193 69 149 113 94 100 71 61 147 131 64 123 187 175 0 87 118 124 120 124 142 201 149 131 172 158 75 144 136 99 117 116 20 87 69 112 176 184 126 74 79 169 164 153 79 
172 80 62 52 73 66 82 110 117 110 85 36 145 117 87 0 139 121 83 103 130 140 72 114 111 186 96 151 49 148 32 55 96 62 107 25 89 97 137 13 90 152 155 82 70 
183 59 201 112 110 205 61 79 137 147 54 175 177 165 118 139 0 114 143 140 137 185 211 121 171 193 65 134 188 79 107 109 125 77 76 164 178 177 116 151 69 159 154 143 69 
69 65 183 90 48 187 67 85 118 85 60 157 147 171 124 121 114 0 121 78 155 178 139 7 149 79 71 44 170 123 89 93 131 83 82 146 188 79 103 129 75 45 124 50 75 
176 84 145 31 81 117 82 114 44 44 89 119 129 157 120 83 143 121 0 51 170 119 150 114 90 141 100 124 132 152 115 34 140 102 111 103 129 180 65 70 94 152 179 71 94 
133 81 165 82 30 167 83 111 40 7 86 139 179 174 124 103 140 78 51 0 181 170 175 71 141 137 97 108 152 149 71 85 144 79 108 128 180 143 61 116 91 109 156 114 71 
206 100 192 139 151 196 102 120 178 188 95 94 97 69 142 130 137 155 170 181 0 107 202 162 198 210 84 153 107 158 148 136 122 118 73 155 41 206 157 143 110 179 195 179 110 
231 135 202 88 172 206 133 144 163 163 140 119 122 94 201 140 185 178 119 170 107 0 201 171 147 130 151 203 132 106 131 85 211 153 162 154 66 237 184 127 145 164 175 128 145 
208 152 134 119 145 57 154 182 148 181 157 108 211 189 149 72 211 139 150 175 202 201 0 146 178 175 168 180 121 220 104 116 129 134 178 47 161 169 149 85 162 141 180 154 142 
62 72 176 83 41 180 74 92 111 78 67 150 140 168 131 114 121 7 114 71 162 171 146 0 142 72 78 37 163 130 82 86 138 90 89 139 181 72 96 122 82 38 117 43 82 
204 112 173 59 163 177 110 142 134 134 117 147 157 149 172 111 171 149 90 141 198 147 178 142 0 205 128 173 160 180 143 62 188 130 139 131 157 208 155 98 122 180 206 99 122 
134 140 165 146 113 224 142 164 97 130 139 222 136 164 158 186 193 79 141 137 210 130 175 72 205 0 142 73 235 202 154 149 178 138 137 178 192 141 118 185 150 34 45 115 130 
140 16 158 69 67 140 18 36 94 104 11 132 134 122 75 96 65 71 100 97 84 151 168 78 128 142 0 69 143 74 64 66 60 34 11 121 125 134 73 108 26 108 111 100 26 
99 85 213 120 78 207 87 105 80 113 80 187 141 169 144 151 134 44 124 108 153 203 180 37 173 73 69 0 200 143 119 123 129 103 80 176 194 68 59 159 95 39 118 80 95 
123 129 111 101 122 115 131 159 166 159 134 13 122 94 136 49 188 170 132 152 107 132 121 163 160 235 143 200 0 197 81 104 116 111 154 74 66 146 186 62 139 201 204 131 119 
192 68 210 121 119 199 70 38 146 156 63 184 186 174 99 148 79 123 152 149 158 106 220 130 180 202 74 143 197 0 116 118 119 86 85 173 172 186 125 160 78 168 163 93 78 
144 48 94 84 41 98 50 78 111 78 53 68 146 149 117 32 107 89 115 71 148 131 104 82 143 154 64 119 81 116 0 87 124 30 75 57 121 129 105 45 58 120 123 91 38 
148 50 117 3 101 121 48 80 78 78 55 91 95 123 116 55 109 93 34 85 136 85 116 86 62 149 66 123 104 118 87 0 126 68 77 69 95 152 99 42 60 124 145 43 60 
200 76 158 129 114 80 78 81 154 151 71 129 194 182 20 96 125 131 140 144 122 211 129 138 188 178 60 129 116 119 124 126 0 94 49 121 163 182 133 94 86 155 171 160 86 
152 18 124 71 49 128 20 48 96 86 23 98 116 124 87 62 77 83 102 79 118 153 134 90 130 138 34 103 111 86 30 68 94 0 45 87 151 136 75 75 28 128 93 102 8 
151 27 169 80 78 129 29 47 105 115 22 143 145 133 69 107 76 82 111 108 73 162 178 89 139 137 11 80 154 85 75 77 49 45 0 132 114 133 84 119 37 106 122 111 37 
197 105 87 72 98 91 107 135 142 135 110 61 164 142 112 25 164 146 103 128 155 154 47 139 131 178 121 176 74 173 57 69 121 87 132 0 114 122 162 38 115 177 133 107 95 
165 134 151 98 162 155 132 161 150 173 136 53 56 28 176 89 178 188 129 180 41 66 161 181 157 192 125 194 66 172 121 95 163 151 114 114 0 186 141 102 144 158 229 138 144 
134 118 149 149 113 163 120 148 148 150 123 133 209 214 184 97 177 79 180 143 206 237 169 72 208 141 134 68 146 186 129 152 182 136 133 122 186 0 127 110 108 107 186 115 128 
158 57 199 96 91 148 59 87 21 54 62 173 141 113 126 137 116 103 65 61 157 184 149 96 155 118 73 59 186 125 105 99 133 75 84 162 141 127 0 135 47 98 152 121 67 
184 92 75 39 86 79 90 122 114 114 97 49 137 130 74 13 151 129 70 116 143 127 85 122 98 185 108 159 62 160 45 42 94 75 119 38 102 110 135 0 102 160 168 79 83 
144 10 152 63 61 156 12 40 68 98 15 126 128 116 79 90 69 75 94 91 110 145 162 82 122 150 26 95 139 78 58 60 86 28 37 115 144 108 47 102 0 120 105 74 20 
100 110 199 121 79 198 112 130 119 116 105 188 102 130 169 152 159 45 152 109 179 164 141 38 180 34 108 39 201 168 120 124 155 128 106 177 158 107 98 160 120 0 79 81 120 
179 95 120 148 126 221 97 125 142 163 100 191 181 201 164 155 154 124 179 156 195 175 180 117 206 45 111 118 204 163 123 145 171 93 122 133 229 186 152 168 105 79 0 160 85 
105 84 144 40 84 148 86 114 115 115 89 118 138 166 153 82 143 50 71 114 179 128 154 43 99 115 100 80 131 93 91 43 160 102 111 107 138 115 121 79 74 81 160 0 94 
144 10 132 63 41 136 12 40 88 78 15 106 108 116 79 70 69 75 94 71 110 145 142 82 122 130 26 95 119 78 38 60 86 8 37 95 144 128 67 83 20 120 85 94 0 
14
88
96
1
60
15
24
38
60
28
100
28
55
74
95
16
11
13
35
44
81
79
90
73
40
61
58
53
43
73
67
82
74
75
17
24
77
6
73
5
48
73
1
40
