22
0 139 298 382 157 225 330 223 232 229 106 324 348 259 263 154 208 232 120 346 282 188 
139 0 159 243 18 86 191 251 93 90 33 199 209 155 307 15 120 96 19 207 143 49 
298 159 0 235 150 235 317 347 185 78 192 115 301 143 295 144 108 84 178 261 235 208 
382 243 235 0 229 217 150 451 150 157 276 256 169 185 362 258 175 151 262 271 100 254 
157 18 150 229 0 104 209 269 111 72 51 217 227 137 289 33 102 78 37 189 161 67 
225 86 235 217 104 0 105 337 179 157 119 285 124 222 336 101 149 151 105 293 211 37 
330 191 317 150 209 105 0 442 135 239 224 241 19 174 441 206 254 245 210 256 185 142 
223 251 347 451 269 337 442 0 338 306 284 232 454 371 237 266 276 300 270 306 388 300 
232 93 185 150 111 179 135 338 0 183 126 106 116 227 400 108 213 189 112 121 50 142 
229 90 78 157 72 157 239 306 183 0 123 181 258 65 217 105 30 6 109 183 220 139 
106 33 192 276 51 119 224 284 126 123 0 218 242 153 340 48 153 129 14 240 176 82 
324 199 115 256 217 285 241 232 106 181 218 0 222 246 386 214 199 175 204 227 156 248 
348 209 301 169 227 124 19 454 116 258 242 222 0 193 460 208 273 264 228 237 166 161 
259 155 143 185 137 222 174 371 227 65 153 246 193 0 282 170 95 71 167 248 177 204 
263 307 295 362 289 336 441 237 400 217 340 386 460 282 0 299 187 211 326 340 377 299 
154 15 144 258 33 101 206 266 108 105 48 214 208 170 299 0 112 111 34 222 158 64 
208 120 108 175 102 149 254 276 213 30 153 199 273 95 187 112 0 24 139 153 190 112 
232 96 84 151 78 151 245 300 189 6 129 175 264 71 211 111 24 0 115 177 214 136 
120 19 178 262 37 105 210 270 112 109 14 204 228 167 326 34 139 115 0 226 162 68 
346 207 261 271 189 293 256 306 121 183 240 227 237 248 340 222 153 177 226 0 171 256 
282 143 235 100 161 211 185 388 50 220 176 156 166 177 377 158 190 214 162 171 0 174 
188 49 208 254 67 37 142 300 142 139 82 248 161 204 299 64 112 136 68 256 174 0 
97
82
81
17
2
7
83
23
76
50
23
64
4
15
76
24
53
28
69
65
51
