35
0 130 145 160 82 111 105 207 179 188 45 95 141 166 157 123 152 129 125 130 165 179 219 197 18 109 32 138 93 96 215 108 173 131 81 
130 0 15 115 149 19 25 117 49 166 139 102 49 163 164 78 120 115 33 98 73 103 141 105 112 116 126 145 135 190 150 120 82 124 49 
145 15 0 130 164 34 40 132 64 151 154 117 64 178 179 93 105 130 48 83 88 118 156 120 127 131 141 144 120 205 165 105 97 139 64 
160 115 130 0 178 103 109 173 164 263 115 122 105 193 184 37 119 156 89 97 129 19 174 161 142 136 128 156 221 220 225 231 138 180 133 
82 149 164 178 0 130 136 200 198 145 63 113 132 178 175 141 195 106 116 176 156 186 224 188 64 121 50 156 80 142 227 65 165 149 127 
111 19 34 103 130 0 6 98 68 160 120 83 30 144 145 97 110 117 14 117 54 84 122 86 93 97 107 126 118 171 150 133 63 105 30 
105 25 40 109 136 6 0 104 74 154 114 89 36 150 151 103 104 123 20 123 60 90 128 92 87 103 101 132 112 165 156 127 69 111 24 
207 117 132 173 200 98 104 0 166 153 188 112 100 183 174 195 194 146 84 198 124 154 24 156 189 126 175 155 216 267 220 226 133 175 128 
179 49 64 164 198 68 74 166 0 215 188 151 98 212 213 127 169 164 82 147 122 152 190 154 161 165 175 194 184 239 199 169 131 173 98 
188 166 151 263 145 160 154 153 215 0 208 145 190 216 207 230 227 111 174 234 182 244 146 246 193 159 195 188 95 271 247 80 223 265 130 
45 139 154 115 63 120 114 188 188 208 0 76 129 147 138 78 158 110 134 139 153 134 200 206 27 90 13 119 138 105 196 128 154 112 90 
95 102 117 122 113 83 89 112 151 145 76 0 53 71 62 85 82 34 69 104 77 139 124 141 77 14 63 43 188 155 120 178 118 147 113 
141 49 64 105 132 30 36 100 98 190 129 53 0 124 115 127 120 87 16 98 24 86 124 88 123 67 116 96 141 177 120 126 65 107 60 
166 163 178 193 178 144 150 183 212 216 147 71 124 0 133 156 105 105 130 127 148 200 167 202 148 57 134 66 258 226 163 243 81 123 174 
157 164 179 184 175 145 151 174 213 207 138 62 115 133 0 147 144 96 131 159 139 201 186 203 139 76 125 105 250 217 182 240 180 209 175 
123 78 93 37 141 97 103 195 127 230 78 85 127 156 147 0 156 119 111 134 151 56 209 183 105 99 91 119 213 183 205 198 160 190 127 
152 120 105 119 195 110 104 194 169 227 158 82 120 105 144 156 0 116 124 22 96 100 206 196 134 96 145 39 213 212 192 198 91 65 128 
129 115 130 156 106 117 123 146 164 111 110 34 87 105 96 119 116 0 103 138 111 173 158 175 111 48 97 77 186 189 154 171 152 181 147 
125 33 48 89 116 14 20 84 82 174 134 69 16 130 131 111 124 103 0 114 40 70 108 72 107 83 121 112 132 185 136 142 49 91 44 
130 98 83 97 176 117 123 198 147 234 139 104 98 127 159 134 22 138 114 0 74 78 208 186 112 118 126 61 191 190 170 176 113 87 147 
165 73 88 129 156 54 60 124 122 182 153 77 24 148 139 151 96 111 40 74 0 110 148 112 147 91 140 120 117 153 96 102 89 131 84 
179 103 118 19 186 84 90 154 152 244 134 139 86 200 201 56 100 173 70 78 110 0 178 142 161 153 147 139 202 239 206 212 119 161 114 
219 141 156 174 224 122 128 24 190 146 200 124 124 167 186 209 206 158 108 208 148 178 0 180 201 110 187 167 240 279 216 226 157 199 152 
197 105 120 161 188 86 92 156 154 246 206 141 88 202 203 183 196 175 72 186 112 142 180 0 179 155 193 184 204 257 208 214 121 163 116 
18 112 127 142 64 93 87 189 161 193 27 77 123 148 139 105 134 111 107 112 147 161 201 179 0 91 14 120 111 78 197 126 155 113 63 
109 116 131 136 121 97 103 126 165 159 90 14 67 57 76 99 96 48 83 118 91 153 110 155 91 0 77 57 201 169 106 186 132 161 127 
32 126 141 128 50 107 101 175 175 195 13 63 116 134 125 91 145 97 121 126 140 147 187 193 14 77 0 106 125 92 183 115 141 99 77 
138 145 144 156 156 126 132 155 194 188 119 43 96 66 105 119 39 77 112 61 120 139 167 184 120 57 106 0 231 198 163 221 130 104 153 
93 135 120 221 80 118 112 216 184 95 138 188 141 258 250 213 213 186 132 191 117 202 240 204 111 201 125 231 0 189 182 15 181 223 136 
96 190 205 220 142 171 165 267 239 271 105 155 177 226 217 183 212 189 185 190 153 239 279 257 78 169 92 198 189 0 249 204 233 191 141 
215 150 165 225 227 150 156 220 199 247 196 120 120 163 182 205 192 154 136 170 96 206 216 208 197 106 183 163 182 249 0 167 185 227 180 
108 120 105 231 65 133 127 226 169 80 128 178 126 243 240 198 198 171 142 176 102 212 226 214 126 186 115 221 15 204 167 0 191 214 151 
173 82 97 138 165 63 69 133 131 223 154 118 65 81 180 160 91 152 49 113 89 119 157 121 155 132 141 130 181 233 185 191 0 42 93 
131 124 139 180 149 105 111 175 173 265 112 147 107 123 209 190 65 181 91 87 131 161 199 163 113 161 99 104 223 191 227 214 42 0 135 
81 49 64 133 127 30 24 128 98 130 90 113 60 174 175 127 128 147 44 147 84 114 152 116 63 127 77 153 136 141 180 151 93 135 0 
29
98
41
22
86
88
27
32
16
58
100
49
24
60
100
14
14
61
87
40
67
36
27
66
46
58
43
15
51
58
95
5
33
42
