20
0 171 252 97 278 251 355 212 328 420 335 280 236 214 242 395 299 199 321 197 
171 0 84 239 107 80 184 41 228 249 164 109 159 43 239 264 128 28 150 26 
252 84 0 155 191 155 259 125 200 264 248 184 108 127 300 219 212 112 225 110 
97 239 155 0 346 304 408 280 231 419 299 333 139 282 145 374 309 267 234 265 
278 107 191 346 0 102 206 66 306 304 150 131 214 64 261 291 235 83 172 81 
251 80 155 304 102 0 104 69 245 226 244 29 187 71 159 189 145 56 70 54 
355 184 259 408 206 104 0 173 255 122 304 75 291 175 263 195 155 160 174 158 
212 41 125 280 66 69 173 0 240 238 205 98 148 2 217 253 169 17 128 15 
328 228 200 231 306 245 255 240 0 377 252 274 92 242 264 339 100 227 175 225 
420 249 264 419 304 226 122 238 377 0 413 197 356 240 385 317 277 225 296 223 
335 164 248 299 150 244 304 205 252 413 0 273 160 207 403 407 292 192 314 190 
280 109 184 333 131 29 75 98 274 197 273 0 216 100 188 160 174 85 99 83 
236 159 108 139 214 187 291 148 92 356 160 216 0 150 284 247 192 135 257 133 
214 43 127 282 64 71 175 2 242 240 207 100 150 0 219 255 171 19 130 17 
242 239 300 145 261 159 263 217 264 385 403 188 284 219 0 332 164 215 89 213 
395 264 219 374 291 189 195 253 339 317 407 160 247 255 332 0 334 236 259 238 
299 128 212 309 235 145 155 169 100 277 292 174 192 171 164 334 0 156 75 154 
199 28 112 267 83 56 160 17 227 225 192 85 135 19 215 236 156 0 126 2 
321 150 225 234 172 70 174 128 175 296 314 99 257 130 89 259 75 126 0 124 
197 26 110 265 81 54 158 15 225 223 190 83 133 17 213 238 154 2 124 0 
36
58
1
49
49
64
75
60
60
93
13
94
34
4
60
71
72
66
46
