35
0 171 176 97 197 120 219 212 172 241 168 114 238 212 158 104 172 170 87 183 84 166 99 181 209 192 205 212 112 202 239 195 132 217 122 
171 0 83 180 26 139 126 155 180 148 118 152 222 166 108 195 206 209 178 222 175 186 182 224 170 178 112 189 165 149 139 214 145 153 137 
176 83 0 147 109 56 102 144 156 124 74 108 139 149 64 112 168 188 95 178 92 131 149 180 145 95 29 145 132 66 176 131 131 70 54 
97 180 147 0 195 138 122 223 75 144 112 84 141 116 102 116 150 73 111 148 114 161 2 150 120 129 118 115 15 155 143 210 35 154 136 
197 26 109 195 0 165 100 181 154 122 144 178 242 192 134 221 229 224 204 223 201 160 197 225 196 204 138 215 180 175 165 240 160 179 163 
120 139 56 138 165 0 158 92 115 171 120 66 195 93 110 56 124 136 39 135 36 118 140 133 89 144 85 110 123 122 120 75 118 126 2 
219 126 102 122 100 158 0 101 54 22 176 193 241 121 166 185 129 164 197 175 194 161 124 177 125 197 131 142 124 168 125 215 104 172 156 
212 155 144 223 181 92 101 0 155 79 212 158 283 185 202 148 216 228 131 227 128 210 225 225 181 236 173 198 211 210 212 167 205 214 90 
172 180 156 75 154 115 54 155 0 76 124 158 216 67 114 159 75 110 154 132 151 183 77 134 71 204 185 165 90 222 94 161 110 226 113 
241 148 124 144 122 171 22 79 76 0 159 213 263 143 169 207 151 186 210 197 207 183 146 199 147 219 153 164 146 190 147 237 126 194 169 
168 118 74 112 144 120 176 212 124 159 0 54 213 154 10 98 114 141 81 104 84 166 114 106 158 169 103 71 97 140 181 195 77 144 122 
114 152 108 84 178 66 193 158 158 213 54 0 194 152 44 44 112 127 27 123 30 112 86 121 155 132 137 125 69 131 179 141 89 116 68 
238 222 139 141 242 195 241 283 216 263 213 194 0 200 203 184 190 170 167 135 164 82 143 137 204 234 110 168 126 73 207 154 146 209 193 
212 166 149 116 192 93 121 185 67 143 154 152 200 0 144 124 40 43 125 65 128 131 118 67 4 212 178 98 101 161 27 94 107 219 95 
158 108 64 102 134 110 166 202 114 169 10 44 203 144 0 88 104 131 71 114 74 156 104 116 148 159 93 81 87 130 171 185 67 134 112 
104 195 112 116 221 56 185 148 159 207 98 44 184 124 88 0 84 145 17 79 20 102 118 77 128 88 141 112 101 138 151 131 81 113 58 
172 206 168 150 229 124 129 216 75 151 114 112 190 40 104 84 0 83 85 100 88 108 152 102 44 172 197 133 141 201 67 134 147 197 126 
170 209 188 73 224 136 164 228 110 186 141 127 170 43 131 145 83 0 154 108 157 88 75 110 47 172 159 141 58 122 70 137 64 197 138 
87 178 95 111 204 39 197 131 154 210 81 27 167 125 71 17 85 154 0 96 3 85 113 94 128 105 124 129 96 121 152 114 98 130 41 
183 222 178 148 223 135 175 227 132 197 104 123 135 65 114 79 100 108 96 0 99 123 150 2 69 167 207 33 133 208 92 159 153 192 137 
84 175 92 114 201 36 194 128 151 207 84 30 164 128 74 20 88 157 3 99 0 82 116 97 125 108 121 132 99 118 155 111 101 133 38 
166 186 131 161 160 118 161 210 183 183 166 112 82 131 156 102 108 88 85 123 82 0 163 125 135 190 102 156 146 139 158 108 150 201 120 
99 182 149 2 197 140 124 225 77 146 114 86 143 118 104 118 152 75 113 150 116 163 0 152 122 127 120 117 17 157 145 212 37 152 138 
181 224 180 150 225 133 177 225 134 199 106 121 137 67 116 77 102 110 94 2 97 125 152 0 71 165 209 35 135 210 94 161 155 190 135 
209 170 145 120 196 89 125 181 71 147 158 155 204 4 148 128 44 47 128 69 125 135 122 71 0 216 174 102 105 165 31 90 111 215 91 
192 178 95 129 204 144 197 236 204 219 169 132 234 212 159 88 172 172 105 167 108 190 127 165 216 0 124 200 114 161 239 140 134 25 146 
205 112 29 118 138 85 131 173 185 153 103 137 110 178 93 141 197 159 124 207 121 102 120 209 174 124 0 174 103 37 171 160 123 99 83 
212 189 145 115 215 110 142 198 165 164 71 125 168 98 81 112 133 141 129 33 132 156 117 35 102 200 174 0 100 211 125 185 120 215 108 
112 165 132 15 180 123 124 211 90 146 97 69 126 101 87 101 141 58 96 133 99 146 17 135 105 114 103 100 0 140 128 195 20 139 121 
202 149 66 155 175 122 168 210 222 190 140 131 73 161 130 138 201 122 121 208 118 139 157 210 165 161 37 211 140 0 134 197 131 136 120 
239 139 176 143 165 120 125 212 94 147 181 179 207 27 171 151 67 70 152 92 155 158 145 94 31 239 171 125 128 134 0 121 134 246 122 
195 214 131 210 240 75 215 167 161 237 195 141 154 94 185 131 134 137 114 159 111 108 212 161 90 140 160 185 195 197 121 0 193 165 77 
132 145 131 35 160 118 104 205 110 126 77 89 146 107 67 81 147 64 98 153 101 150 37 155 111 134 123 120 20 131 134 193 0 159 116 
217 153 70 154 179 126 172 214 226 194 144 116 209 219 134 113 197 197 130 192 133 201 152 190 215 25 99 215 139 136 246 165 159 0 124 
122 137 54 136 163 2 156 90 113 169 122 68 193 95 112 58 126 138 41 137 38 120 138 135 91 146 83 108 121 120 122 77 116 124 0 
43
15
9
48
32
88
18
93
74
25
70
24
34
9
95
36
82
27
82
82
47
55
100
61
28
7
81
76
11
36
63
61
48
98
