30
0 193 119 104 147 112 111 195 147 189 170 182 73 76 87 117 140 172 125 128 169 209 13 153 113 196 113 101 160 87 
193 0 133 166 46 102 206 158 124 186 105 159 218 138 221 255 157 144 165 142 68 85 201 61 127 104 101 163 155 127 
119 133 0 154 87 143 134 199 126 227 146 91 169 148 206 207 182 76 123 9 109 188 132 102 6 145 142 157 212 137 
104 166 154 0 120 64 84 119 99 141 66 134 108 28 191 133 136 124 77 145 138 159 91 105 160 148 65 3 229 39 
147 46 87 120 0 56 160 112 78 140 59 113 172 92 175 209 111 98 119 96 22 131 155 15 81 58 55 117 201 81 
112 102 143 64 56 0 104 168 85 86 115 73 116 36 199 153 79 110 63 152 78 147 99 41 137 84 1 61 194 25 
111 206 134 84 160 104 0 200 139 190 147 174 88 90 198 207 100 69 41 136 182 201 124 145 128 188 105 87 271 79 
195 158 199 119 112 168 200 0 113 144 53 148 227 147 279 252 218 206 159 208 134 146 208 127 193 170 167 122 216 158 
147 124 126 99 78 85 139 113 0 171 137 35 151 71 205 188 157 145 98 117 100 62 134 93 132 136 86 96 132 60 
189 186 227 141 140 86 190 144 171 0 91 157 193 113 276 230 152 196 149 236 162 184 176 125 221 168 85 138 254 111 
170 105 146 66 59 115 147 53 137 91 0 172 174 94 234 199 165 153 106 155 81 93 157 74 140 117 114 69 163 105 
182 159 91 134 113 73 174 148 35 157 172 0 186 106 194 223 152 149 133 82 135 97 169 112 97 155 72 131 121 95 
73 218 169 108 172 116 88 227 151 193 174 186 0 80 160 190 156 144 97 160 194 213 86 157 175 200 117 105 233 91 
76 138 148 28 92 36 90 147 71 113 94 106 80 0 163 117 108 96 49 139 114 133 63 77 154 120 37 25 203 11 
87 221 206 191 175 199 198 279 205 276 234 194 160 163 0 204 227 232 212 215 153 143 100 190 200 233 200 188 73 174 
117 255 207 133 209 153 207 252 188 230 199 223 190 117 204 0 225 184 166 198 231 250 104 194 213 237 154 136 256 128 
140 157 182 136 111 79 100 218 157 152 165 152 156 108 227 225 0 106 59 173 89 219 127 120 188 163 80 133 273 97 
172 144 76 124 98 110 69 206 145 196 153 149 144 96 232 184 106 0 47 67 120 207 159 113 82 156 111 121 270 85 
125 165 123 77 119 63 41 159 98 149 106 133 97 49 212 166 59 47 0 114 141 160 112 104 129 147 64 74 230 38 
128 142 9 145 96 152 136 208 117 236 155 82 160 139 215 198 173 67 114 0 118 179 141 111 15 154 151 148 203 128 
169 68 109 138 22 78 182 134 100 162 81 135 194 114 153 231 89 120 141 118 0 153 177 37 103 80 77 135 223 103 
209 85 188 159 131 147 201 146 62 184 93 97 213 133 143 250 219 207 160 179 153 0 196 146 194 189 148 158 70 122 
13 201 132 91 155 99 124 208 134 176 157 169 86 63 100 104 127 159 112 141 177 196 0 140 126 183 100 88 173 74 
153 61 102 105 15 41 145 127 93 125 74 112 157 77 190 194 120 113 104 111 37 146 140 0 96 43 40 102 216 66 
113 127 6 160 81 137 128 193 132 221 140 97 175 154 200 213 188 82 129 15 103 194 126 96 0 139 136 163 218 143 
196 104 145 148 58 84 188 170 136 168 117 155 200 120 233 237 163 156 147 154 80 189 183 43 139 0 83 145 248 109 
113 101 142 65 55 1 105 167 86 85 114 72 117 37 200 154 80 111 64 151 77 148 100 40 136 83 0 62 193 26 
101 163 157 3 117 61 87 122 96 138 69 131 105 25 188 136 133 121 74 148 135 158 88 102 163 145 62 0 228 36 
160 155 212 229 201 194 271 216 132 254 163 121 233 203 73 256 273 270 230 203 223 70 173 216 218 248 193 228 0 192 
87 127 137 39 81 25 79 158 60 111 105 95 91 11 174 128 97 85 38 128 103 122 74 66 143 109 26 36 192 0 
18
63
89
37
58
60
86
97
63
91
56
44
15
78
29
78
93
72
15
64
84
90
86
63
75
98
58
35
84
