8
0 363 436 435 388 393 636 588 
363 0 73 147 124 119 273 314 
436 73 0 220 57 52 200 247 
435 147 220 0 271 266 420 461 
388 124 57 271 0 5 257 200 
393 119 52 266 5 0 252 195 
636 273 200 420 257 252 0 193 
588 314 247 461 200 195 193 0 
1
41
54
69
10
54
57
