12
0 369 410 718 244 247 140 252 151 419 139 258 
369 0 263 621 125 573 231 284 242 263 230 111 
410 263 0 581 166 504 272 325 283 223 271 152 
718 621 581 0 510 631 580 564 591 358 579 524 
244 125 166 510 0 476 106 187 117 182 105 14 
247 573 504 631 476 0 387 499 398 658 386 462 
140 231 272 580 106 387 0 112 11 288 1 120 
252 284 325 564 187 499 112 0 123 206 113 173 
151 242 283 591 117 398 11 123 0 299 12 131 
419 263 223 358 182 658 288 206 299 0 287 196 
139 230 271 579 105 386 1 113 12 287 0 119 
258 111 152 524 14 462 120 173 131 196 119 0 
68
27
26
24
7
70
43
74
53
19
18
