10
0 184 483 282 556 207 381 159 483 477 
184 0 545 323 486 137 518 343 483 631 
483 545 0 621 268 435 655 642 62 563 
282 323 621 0 535 186 345 123 559 380 
556 486 268 535 0 349 387 609 330 418 
207 137 435 186 349 0 382 309 373 494 
381 518 655 345 387 382 0 222 610 272 
159 343 642 123 609 309 222 0 642 318 
483 483 62 559 330 373 610 642 0 501 
477 631 563 380 418 494 272 318 501 0 
66
22
11
72
1
59
90
62
92
