25
0 171 229 97 192 163 238 300 214 138 247 239 254 161 197 205 223 293 140 178 84 160 110 251 120 
171 0 232 221 153 155 195 253 176 95 224 128 83 157 26 155 231 155 93 140 149 101 118 247 108 
229 232 0 285 214 219 241 299 270 141 395 242 284 221 206 216 336 346 139 234 145 163 325 311 335 
97 221 285 0 95 66 272 330 117 172 150 273 165 64 195 247 217 376 170 81 181 194 207 154 217 
192 153 214 95 0 29 177 235 80 77 205 178 70 31 142 152 122 282 75 44 131 99 172 121 162 
163 155 219 66 29 0 206 264 51 106 176 207 99 2 129 181 151 310 104 15 160 128 201 92 191 
238 195 241 272 177 206 0 262 257 100 354 201 247 208 169 175 283 305 102 221 154 122 170 298 160 
300 253 299 330 235 264 262 0 315 162 425 263 305 266 227 237 332 367 160 279 216 184 371 356 361 
214 176 270 117 80 51 257 315 0 157 197 258 150 53 150 232 202 331 155 36 211 179 252 89 242 
138 95 141 172 77 106 100 162 157 0 267 101 147 108 69 75 199 205 2 121 54 22 213 198 203 
247 224 395 150 205 176 354 425 197 267 0 352 275 178 198 309 210 367 265 161 321 273 184 268 194 
239 128 242 273 178 207 201 263 258 101 352 0 142 209 154 125 300 104 103 222 155 79 246 299 236 
254 83 284 165 70 99 247 305 150 147 275 142 0 101 109 222 192 238 145 114 201 169 201 191 191 
161 157 221 64 31 2 208 266 53 108 178 209 101 0 131 183 153 312 106 17 162 130 203 90 193 
197 26 206 195 142 129 169 227 150 69 198 154 109 131 0 144 257 181 67 114 123 75 144 221 134 
205 155 216 247 152 181 175 237 232 75 309 125 222 183 144 0 274 229 77 196 121 97 273 273 263 
223 231 336 217 122 151 283 332 202 199 210 300 192 153 257 274 0 288 197 166 253 221 113 159 123 
293 155 346 376 282 310 305 367 331 205 367 104 238 312 181 229 288 0 207 295 259 183 183 366 193 
140 93 139 170 75 104 102 160 155 2 265 103 145 106 67 77 197 207 0 119 56 24 211 196 201 
178 140 234 81 44 15 221 279 36 121 161 222 114 17 114 196 166 295 119 0 175 143 216 107 206 
84 149 145 181 131 160 154 216 211 54 321 155 201 162 123 121 253 259 56 175 0 76 194 252 204 
160 101 163 194 99 128 122 184 179 22 273 79 169 130 75 97 221 183 24 143 76 0 219 220 209 
110 118 325 207 172 201 170 371 252 213 184 246 201 203 144 273 113 183 211 216 194 219 0 183 10 
251 247 311 154 121 92 298 356 89 198 268 299 191 90 221 273 159 366 196 107 252 220 183 0 173 
120 108 335 217 162 191 160 361 242 203 194 236 191 193 134 263 123 193 201 206 204 209 10 173 0 
72
10
71
82
44
72
23
71
98
4
65
4
34
5
38
59
42
86
91
25
81
54
39
78
