8
0 171 358 97 727 181 371 207 
171 0 369 268 745 352 354 378 
358 369 0 261 395 345 535 371 
97 268 261 0 630 84 274 110 
727 745 395 630 0 546 391 555 
181 352 345 84 546 0 358 194 
371 354 535 274 391 358 0 164 
207 378 371 110 555 194 164 0 
52
56
82
13
50
67
48
