10
0 171 371 97 441 287 416 261 369 358 
171 0 505 268 354 421 261 395 482 437 
371 505 0 274 367 84 265 110 239 374 
97 268 274 0 344 190 319 164 276 261 
441 354 367 344 0 283 436 309 128 83 
287 421 84 190 283 0 181 26 155 290 
416 261 265 319 436 181 0 155 336 419 
261 395 110 164 309 26 155 0 181 264 
369 482 239 276 128 155 336 181 0 211 
358 437 374 261 83 290 419 264 211 0 
66
53
63
84
61
48
80
39
83
