30
0 19 69 53 76 118 122 186 269 75 75 14 185 111 145 158 110 72 64 138 121 144 186 138 111 106 109 122 22 81 
19 0 60 44 67 137 113 205 260 56 94 5 166 102 126 149 125 87 83 129 112 159 177 140 102 97 124 113 13 72 
69 60 0 75 117 78 53 190 200 116 144 55 183 84 106 134 70 32 24 80 52 104 117 98 42 147 69 118 63 47 
53 44 75 0 101 105 128 195 275 100 128 39 210 136 146 145 81 43 51 138 127 115 192 109 117 77 80 129 47 28 
76 67 117 101 0 194 122 259 303 104 151 62 207 153 121 206 152 139 140 95 169 186 208 73 133 30 176 170 70 129 
118 137 78 105 194 0 74 171 223 152 193 132 127 65 127 130 100 62 54 101 130 134 101 128 63 182 99 148 140 77 
122 113 53 128 122 74 0 137 253 123 197 108 201 31 53 148 84 85 77 27 105 118 86 65 11 152 122 171 116 100 
186 205 190 195 259 171 137 0 384 260 261 200 288 106 190 213 149 187 195 164 242 183 223 202 148 272 224 273 195 202 
269 260 200 275 303 223 253 384 0 206 344 255 96 284 276 171 235 232 224 280 148 201 211 298 242 308 269 318 263 247 
75 56 116 100 104 152 123 260 206 0 150 61 110 154 70 185 128 90 98 96 168 162 209 134 134 134 127 169 69 75 
75 94 144 128 151 193 197 261 344 150 0 89 260 186 220 233 185 147 139 213 196 219 261 213 186 181 184 197 97 156 
14 5 55 39 62 132 108 200 255 61 89 0 171 97 131 144 120 82 78 124 107 154 172 135 97 92 119 108 8 67 
185 166 183 210 207 127 201 288 96 110 260 171 0 192 180 75 139 167 159 196 201 105 228 233 190 237 204 253 179 182 
111 102 84 136 153 65 31 106 284 154 186 97 192 0 84 179 115 99 91 58 136 149 117 96 42 183 136 185 89 114 
145 126 106 146 121 127 53 190 276 70 220 131 180 84 0 147 83 103 111 26 158 117 139 64 64 151 140 189 139 118 
158 149 134 145 206 130 148 213 171 185 233 144 75 179 147 0 64 102 110 121 186 30 231 159 159 214 139 188 152 117 
110 125 70 81 152 100 84 149 235 128 185 120 139 115 83 64 0 38 46 57 122 34 170 95 95 158 75 124 128 53 
72 87 32 43 139 62 85 187 232 90 147 82 167 99 103 102 38 0 8 95 84 72 149 66 74 120 37 86 90 15 
64 83 24 51 140 54 77 195 224 98 139 78 159 91 111 110 46 8 0 103 76 80 141 74 66 128 45 94 86 23 
138 129 80 138 95 101 27 164 280 96 213 124 196 58 26 121 57 95 103 0 132 91 113 38 38 125 132 181 116 110 
121 112 52 127 169 130 105 242 148 168 196 107 201 136 158 186 122 84 76 132 0 156 169 150 94 199 121 170 115 99 
144 159 104 115 186 134 118 183 201 162 219 154 105 149 117 30 34 72 80 91 156 0 204 129 129 184 109 158 162 87 
186 177 117 192 208 101 86 223 211 209 261 172 228 117 139 231 170 149 141 113 169 204 0 151 75 238 186 235 180 164 
138 140 98 109 73 128 65 202 298 134 213 135 233 96 64 159 95 66 74 38 150 129 151 0 76 103 103 152 143 81 
111 102 42 117 133 63 11 148 242 134 186 97 190 42 64 159 95 74 66 38 94 129 75 76 0 163 111 160 105 89 
106 97 147 77 30 182 152 272 308 134 181 92 237 183 151 214 158 120 128 125 199 184 238 103 163 0 157 200 100 105 
109 124 69 80 176 99 122 224 269 127 184 119 204 136 140 139 75 37 45 132 121 109 186 103 111 157 0 123 127 52 
122 113 118 129 170 148 171 273 318 169 197 108 253 185 189 188 124 86 94 181 170 158 235 152 160 200 123 0 116 101 
22 13 63 47 70 140 116 195 263 69 97 8 179 89 139 152 128 90 86 116 115 162 180 143 105 100 127 116 0 75 
81 72 47 28 129 77 100 202 247 75 156 67 182 114 118 117 53 15 23 110 99 87 164 81 89 105 52 101 75 0 
25
39
55
41
3
22
16
93
84
22
47
62
94
86
65
99
54
60
61
8
28
21
11
74
50
42
3
46
91
