35
0 131 127 140 75 45 136 157 151 95 75 14 40 79 168 78 133 72 64 74 87 179 56 97 105 81 102 97 44 148 109 105 129 106 186 
131 0 177 128 56 86 5 198 154 136 158 117 121 93 156 130 171 110 108 155 128 160 97 127 146 101 102 138 119 189 147 186 129 55 234 
127 177 0 70 121 91 173 132 24 70 52 122 144 167 42 182 92 87 152 143 62 132 80 52 80 78 190 39 152 90 116 174 168 143 203 
140 128 70 0 166 157 133 202 94 140 77 126 138 111 28 148 162 157 126 104 132 62 150 122 150 148 120 109 146 95 139 135 147 73 226 
75 56 121 166 0 30 61 142 145 80 150 61 71 128 163 109 118 57 113 105 72 104 41 82 90 66 101 82 63 133 94 136 128 111 181 
45 86 91 157 30 0 91 112 115 50 120 31 57 98 133 95 88 27 83 91 42 134 11 52 60 36 119 52 61 103 64 122 146 106 151 
136 5 173 133 61 91 0 200 149 140 163 122 126 98 161 135 166 105 113 160 132 165 102 122 150 96 107 135 124 186 142 191 134 60 229 
157 198 132 202 142 112 200 0 153 78 184 143 169 125 174 162 174 113 110 186 70 246 101 80 88 104 210 93 167 144 150 217 237 163 237 
151 154 24 94 145 115 149 153 0 75 76 146 168 191 66 206 116 111 176 167 83 156 104 76 101 102 171 63 176 114 140 198 144 167 227 
95 136 70 140 80 50 140 78 75 0 122 81 107 126 112 145 114 53 111 108 8 184 39 18 26 44 169 31 111 82 90 139 196 156 177 
75 158 52 77 150 120 163 184 76 122 0 89 115 141 94 153 144 95 139 91 114 139 131 104 132 86 150 91 119 89 132 122 177 103 219 
14 117 122 126 61 31 122 143 146 81 89 0 26 93 154 64 119 58 78 60 73 165 42 83 91 67 88 83 30 134 95 91 115 92 172 
40 121 144 138 71 57 126 169 168 107 115 26 0 75 166 38 118 57 65 34 99 175 68 92 117 66 66 105 8 129 94 65 93 66 150 
79 93 167 111 128 98 98 125 191 126 141 93 75 0 131 37 86 125 15 109 118 173 87 128 136 134 85 128 72 154 110 140 112 38 197 
168 156 42 28 163 133 161 174 66 112 94 154 166 131 0 168 134 129 116 132 104 90 122 94 122 120 148 81 173 123 158 163 175 101 245 
78 130 182 148 109 95 135 162 206 145 153 64 38 37 168 0 123 95 52 72 137 210 106 130 155 104 104 143 46 167 132 103 131 75 188 
133 171 92 162 118 88 166 174 116 114 144 119 118 86 134 123 0 61 101 152 106 222 99 96 108 70 171 109 126 68 24 183 198 124 111 
72 110 87 157 57 27 105 113 111 53 95 58 57 125 129 95 61 0 110 91 45 161 38 35 63 9 123 48 65 81 37 122 150 123 124 
64 108 152 126 113 83 113 110 176 111 139 78 65 15 116 52 101 110 0 99 103 188 72 113 121 119 100 113 57 164 125 130 127 53 199 
74 155 143 104 105 91 160 186 167 108 91 60 34 109 132 72 152 91 99 0 116 166 102 126 134 100 100 139 42 163 128 31 127 100 184 
87 128 62 132 72 42 132 70 83 8 114 73 99 118 104 137 106 45 103 116 0 176 31 10 18 36 161 23 103 74 82 147 188 148 169 
179 160 132 62 104 134 165 246 156 184 139 165 175 173 90 210 222 161 188 166 176 0 145 184 194 170 182 171 167 157 198 197 209 135 285 
56 97 80 150 41 11 102 101 104 39 131 42 68 87 122 106 99 38 72 102 31 145 0 41 49 47 130 41 72 92 75 133 157 117 162 
97 127 52 122 82 52 122 80 76 18 104 83 92 128 94 130 96 35 113 126 10 184 41 0 28 26 158 13 100 64 72 157 185 158 159 
105 146 80 150 90 60 150 88 101 26 132 91 117 136 122 155 108 63 121 134 18 194 49 28 0 54 179 41 121 92 84 165 206 166 171 
81 101 78 148 66 36 96 104 102 44 86 67 66 134 120 104 70 9 119 100 36 170 47 26 54 0 132 39 74 90 46 131 159 132 133 
102 102 190 120 101 119 107 210 171 169 150 88 66 85 148 104 171 123 100 100 161 182 130 158 179 132 0 171 58 179 160 131 27 47 200 
97 138 39 109 82 52 135 93 63 31 91 83 105 128 81 143 109 48 113 139 23 171 41 13 41 39 171 0 113 51 85 170 198 158 172 
44 119 152 146 63 61 124 167 176 111 119 30 8 72 173 46 126 65 57 42 103 167 72 100 121 74 58 113 0 121 102 73 85 74 142 
148 189 90 95 133 103 186 144 114 82 89 134 129 154 123 167 68 81 164 163 74 157 92 64 92 90 179 51 121 0 44 194 206 168 131 
109 147 116 139 94 64 142 150 140 90 132 95 94 110 158 132 24 37 125 128 82 198 75 72 84 46 160 85 102 44 0 159 187 148 87 
105 186 174 135 136 122 191 217 198 139 122 91 65 140 163 103 183 122 130 31 147 197 133 157 165 131 131 170 73 194 159 0 158 131 199 
129 129 168 147 128 146 134 237 144 196 177 115 93 112 175 131 198 150 127 127 188 209 157 185 206 159 27 198 85 206 187 158 0 74 227 
106 55 143 73 111 106 60 163 167 156 103 92 66 38 101 75 124 123 53 100 148 135 117 158 166 132 47 158 74 168 148 131 74 0 216 
186 234 203 226 181 151 229 237 227 177 219 172 150 197 245 188 111 124 199 184 169 285 162 159 171 133 200 172 142 131 87 199 227 216 0 
60
91
24
74
97
30
64
4
22
33
99
72
94
88
44
87
24
80
6
36
11
72
41
65
32
32
15
62
50
73
2
37
25
82
