22
0 119 132 202 131 125 111 183 155 74 168 170 73 215 87 99 209 193 122 213 223 133 
119 0 13 188 113 119 125 113 128 47 98 174 46 197 157 72 139 179 122 176 227 135 
132 13 0 197 126 132 138 100 141 60 85 181 59 210 170 85 126 188 135 189 234 148 
202 188 197 0 75 81 91 127 198 157 112 150 158 159 119 181 71 9 84 175 145 69 
131 113 126 75 0 6 107 166 123 160 151 122 159 84 44 185 128 66 9 100 175 126 
125 119 132 81 6 0 101 160 117 166 145 116 165 90 38 191 134 72 3 94 169 123 
111 125 138 91 107 101 0 140 159 78 155 59 79 191 133 103 144 82 98 189 112 22 
183 113 100 127 166 160 140 0 190 109 15 81 110 250 198 84 56 118 163 247 134 162 
155 128 141 198 123 117 159 190 0 81 175 210 82 207 79 106 216 189 114 205 263 169 
74 47 60 157 160 166 78 109 81 0 94 129 1 244 160 25 135 148 169 223 182 88 
168 98 85 112 151 145 155 15 175 94 0 96 95 235 183 69 41 103 148 239 149 163 
170 174 181 150 122 116 59 81 210 129 96 0 128 206 148 154 137 141 113 166 53 81 
73 46 59 158 159 165 79 110 82 1 95 128 0 243 160 26 136 149 168 222 181 89 
215 197 210 159 84 90 191 250 207 244 235 206 243 0 128 269 212 150 93 184 259 210 
87 157 170 119 44 38 133 198 79 160 183 148 160 128 0 185 172 110 35 126 201 155 
99 72 85 181 185 191 103 84 106 25 69 154 26 269 185 0 110 172 194 248 207 113 
209 139 126 71 128 134 144 56 216 135 41 137 136 212 172 110 0 62 137 228 190 122 
193 179 188 9 66 72 82 118 189 148 103 141 149 150 110 172 62 0 75 166 136 60 
122 122 135 84 9 3 98 163 114 169 148 113 168 93 35 194 137 75 0 91 166 120 
213 176 189 175 100 94 189 247 205 223 239 166 222 184 126 248 228 166 91 0 113 211 
223 227 234 145 175 169 112 134 263 182 149 53 181 259 201 207 190 136 166 113 0 134 
133 135 148 69 126 123 22 162 169 88 163 81 89 210 155 113 122 60 120 211 134 0 
21
100
98
65
68
88
89
100
62
94
32
68
95
35
84
77
1
59
43
18
51
