17
0 151 120 186 188 113 193 122 250 186 175 278 200 190 163 294 366 
151 0 159 35 91 210 42 202 330 35 104 181 49 103 116 148 269 
120 159 0 124 68 203 131 129 257 138 55 158 110 70 43 237 246 
186 35 124 0 56 217 7 167 295 70 69 146 14 84 81 113 234 
188 91 68 56 0 161 63 111 239 96 13 202 42 28 25 169 178 
113 210 203 217 161 0 224 102 230 231 148 261 203 163 160 181 308 
193 42 131 7 63 224 0 174 302 77 76 139 21 91 88 106 241 
122 202 129 167 111 102 174 0 128 181 98 193 153 113 86 273 289 
250 330 257 295 239 230 302 128 0 309 226 321 281 241 214 401 417 
186 35 138 70 96 231 77 181 309 0 83 174 84 68 95 183 274 
175 104 55 69 13 148 76 98 226 83 0 213 55 15 12 182 191 
278 181 158 146 202 261 139 193 321 174 213 0 160 228 201 80 380 
200 49 110 14 42 203 21 153 281 84 55 160 0 70 67 127 220 
190 103 70 84 28 163 91 113 241 68 15 228 70 0 27 197 206 
163 116 43 81 25 160 88 86 214 95 12 201 67 27 0 194 203 
294 148 237 113 169 181 106 273 401 183 182 80 127 197 194 0 347 
366 269 246 234 178 308 241 289 417 274 191 380 220 206 203 347 0 
57
18
91
99
76
99
71
40
58
64
64
59
63
82
4
50
