22
0 151 120 135 163 113 179 122 155 127 270 149 89 194 167 134 269 240 35 104 143 69 
151 0 78 127 35 239 137 140 153 85 190 107 174 152 125 92 141 198 147 255 101 220 
120 78 0 49 43 161 59 62 75 7 150 29 182 74 47 14 149 120 155 196 23 161 
135 127 49 0 92 196 81 13 110 42 185 64 175 96 82 63 198 155 148 183 58 148 
163 35 43 92 0 204 102 105 118 50 155 72 139 117 90 57 106 163 128 228 66 193 
113 239 161 196 204 0 206 209 86 154 297 176 202 221 194 175 240 267 148 207 170 172 
179 137 59 81 102 206 0 68 120 52 115 74 241 15 12 73 166 165 214 238 68 203 
122 140 62 13 105 209 68 0 123 55 183 77 188 83 80 76 211 168 157 170 71 135 
155 153 75 110 118 86 120 123 0 68 211 90 234 135 108 89 154 181 190 121 84 86 
127 85 7 42 50 154 52 55 68 0 143 22 189 67 40 21 156 113 162 189 16 154 
270 190 150 185 155 297 115 183 211 143 0 165 294 130 103 164 116 256 283 332 159 297 
149 107 29 64 72 176 74 77 90 22 165 0 195 89 62 43 178 135 184 211 6 176 
89 174 182 175 139 202 241 188 234 189 294 195 0 256 229 196 245 302 54 113 201 148 
194 152 74 96 117 221 15 83 135 67 130 89 256 0 27 88 151 180 229 253 83 218 
167 125 47 82 90 194 12 80 108 40 103 62 229 27 0 61 178 153 202 229 56 194 
134 92 14 63 57 175 73 76 89 21 164 43 196 88 61 0 163 134 169 210 37 175 
269 141 149 198 106 240 166 211 154 156 116 178 245 151 178 163 0 269 234 275 172 240 
240 198 120 155 163 267 165 168 181 113 256 135 302 180 153 134 269 0 275 302 129 267 
35 147 155 148 128 148 214 157 190 162 283 184 54 229 202 169 234 275 0 108 178 104 
104 255 196 183 228 207 238 170 121 189 332 211 113 253 229 210 275 302 108 0 205 35 
143 101 23 58 66 170 68 71 84 16 159 6 201 83 56 37 172 129 178 205 0 170 
69 220 161 148 193 172 203 135 86 154 297 176 148 218 194 175 240 267 104 35 170 0 
93
70
60
32
71
7
19
51
96
75
17
68
63
84
83
38
98
92
78
4
74
