30
0 196 223 141 225 214 296 291 271 147 139 173 208 220 285 212 252 210 240 263 164 111 162 250 141 185 140 197 160 212 
196 0 95 59 89 132 177 163 179 49 57 128 126 84 193 104 105 14 66 170 66 124 73 122 96 11 95 1 78 121 
223 95 0 86 16 159 250 68 149 76 84 121 101 11 135 26 128 109 161 224 59 117 66 27 89 106 88 94 105 26 
141 59 86 0 88 77 214 154 154 10 2 89 67 83 160 84 124 73 103 201 27 85 34 113 57 48 56 60 19 84 
225 89 16 88 0 161 251 84 165 92 86 137 117 5 151 42 144 103 155 218 75 133 82 43 105 100 104 88 107 42 
214 132 159 77 161 0 287 227 155 83 75 145 144 156 169 157 197 146 176 274 100 158 107 157 130 121 129 133 96 157 
296 177 250 214 251 287 0 318 233 204 212 211 266 246 219 224 282 191 221 33 207 205 200 277 177 166 178 178 229 250 
291 163 68 154 84 227 318 0 134 144 152 189 169 79 148 94 60 177 153 292 127 185 134 95 157 174 156 162 173 94 
271 179 149 154 165 155 233 134 0 164 156 164 219 160 14 123 74 193 167 266 160 160 153 176 130 190 131 180 173 165 
147 49 76 10 92 83 204 144 164 0 8 79 77 87 166 74 114 63 93 191 17 75 24 103 47 38 46 50 29 74 
139 57 84 2 86 75 212 152 156 8 0 87 69 81 158 82 122 71 101 199 25 83 32 111 55 46 54 58 21 82 
173 128 121 89 137 145 211 189 164 79 87 0 121 132 178 105 145 142 172 178 62 62 55 148 34 117 33 129 86 105 
208 126 101 67 117 144 266 169 219 77 69 121 0 112 227 127 191 140 170 233 94 117 101 128 89 115 88 127 86 127 
220 84 11 83 5 156 246 79 160 87 81 132 112 0 146 37 139 98 150 213 70 128 77 38 100 95 99 83 102 37 
285 193 135 160 151 169 219 148 14 166 158 178 227 146 0 109 88 199 181 252 166 174 159 162 144 204 145 194 179 161 
212 104 26 84 42 157 224 94 123 74 82 105 127 37 109 0 140 90 167 217 57 101 50 53 73 112 72 105 103 52 
252 105 128 124 144 197 282 60 74 114 122 145 191 139 88 140 0 119 93 257 97 141 90 155 113 116 112 106 143 140 
210 14 109 73 103 146 191 177 193 63 71 142 140 98 199 90 119 0 80 184 80 135 87 136 110 25 109 15 92 135 
240 66 161 103 155 176 221 153 167 93 101 172 170 150 181 167 93 80 0 214 110 168 117 188 140 55 139 67 122 167 
263 170 224 201 218 274 33 292 266 191 199 178 233 213 252 217 257 184 214 0 174 174 167 251 144 159 145 171 196 217 
164 66 59 27 75 100 207 127 160 17 25 62 94 70 166 57 97 80 110 174 0 58 7 86 30 55 29 67 46 57 
111 124 117 85 133 158 205 185 160 75 83 62 117 128 174 101 141 135 168 174 58 0 51 144 30 113 29 125 82 101 
162 73 66 34 82 107 200 134 153 24 32 55 101 77 159 50 90 87 117 167 7 51 0 93 23 62 22 74 53 50 
250 122 27 113 43 157 277 95 176 103 111 148 128 38 162 53 155 136 188 251 86 144 93 0 116 133 115 121 132 53 
141 96 89 57 105 130 177 157 130 47 55 34 89 100 144 73 113 110 140 144 30 30 23 116 0 85 1 97 52 73 
185 11 106 48 100 121 166 174 190 38 46 117 115 95 204 112 116 25 55 159 55 113 62 133 85 0 84 12 67 112 
140 95 88 56 104 129 178 156 131 46 54 33 88 99 145 72 112 109 139 145 29 29 22 115 1 84 0 96 53 72 
197 1 94 60 88 133 178 162 180 50 58 129 127 83 194 105 106 15 67 171 67 125 74 121 97 12 96 0 79 120 
160 78 105 19 107 96 229 173 173 29 21 86 86 102 179 103 143 92 122 196 46 82 53 132 52 67 53 79 0 103 
212 121 26 84 42 157 250 94 165 74 82 105 127 37 161 52 140 135 167 217 57 101 50 53 73 112 72 120 103 0 
35
96
55
62
86
58
35
93
31
37
48
58
8
33
86
57
95
31
34
37
50
95
100
46
16
4
12
13
94
