30
0 171 219 97 166 324 146 189 206 197 126 264 168 286 191 240 209 167 151 111 84 219 110 127 155 218 215 207 164 178 
171 0 239 175 157 265 128 83 212 26 152 158 155 258 85 198 137 105 172 108 135 129 164 181 176 112 197 145 116 165 
219 239 0 122 83 338 205 156 139 265 145 227 85 216 158 219 102 178 68 133 160 150 169 152 64 185 145 218 221 95 
97 175 122 0 69 230 128 92 154 201 29 167 71 210 94 143 146 70 54 119 146 122 92 75 58 121 139 110 113 81 
166 157 83 69 0 288 128 149 184 183 98 174 2 171 147 212 185 128 15 80 107 187 92 107 19 120 100 168 169 12 
324 265 338 230 288 0 273 182 285 250 235 257 290 357 184 223 236 160 284 233 260 228 237 254 288 211 296 200 160 300 
146 128 205 128 128 273 0 178 132 154 157 253 130 160 180 167 133 156 143 193 220 197 36 53 141 174 89 196 113 140 
189 83 156 92 149 182 178 0 144 109 69 75 147 175 2 115 54 22 146 95 122 46 142 136 150 29 114 62 65 137 
206 212 139 154 184 285 132 144 0 238 183 184 186 279 142 227 161 125 169 104 131 186 96 79 167 169 208 165 168 196 
197 26 265 201 183 250 154 109 238 0 178 184 181 284 111 224 163 131 198 134 161 155 167 184 202 138 223 171 90 191 
126 152 145 29 98 235 157 69 183 178 0 144 100 239 67 114 123 75 83 148 175 111 121 104 87 94 168 115 118 110 
264 158 227 167 174 257 253 75 184 184 144 0 176 250 77 190 129 97 159 170 197 121 217 211 163 104 189 137 140 186 
168 155 85 71 2 290 130 147 186 181 100 176 0 173 145 214 187 130 17 82 109 185 94 109 21 118 102 170 171 10 
286 258 216 210 171 357 160 175 279 284 239 250 173 0 173 187 229 197 156 175 202 217 196 213 152 156 71 237 240 183 
191 85 158 94 147 184 180 2 142 111 67 77 145 173 0 113 56 24 148 97 124 44 144 138 152 27 112 64 67 135 
240 198 219 143 212 223 167 115 227 224 114 190 214 187 113 0 169 137 197 210 237 69 131 148 197 136 116 177 153 224 
209 137 102 146 185 236 133 54 161 163 123 129 187 229 56 169 0 76 170 149 176 100 99 82 166 83 168 116 119 191 
167 105 178 70 128 160 156 22 125 131 75 97 130 197 24 137 76 0 124 73 100 68 120 137 128 51 136 40 43 140 
151 172 68 54 15 284 143 146 169 198 83 159 17 156 148 197 170 124 0 65 92 176 107 92 4 135 85 164 167 27 
111 108 133 119 80 233 193 95 104 134 148 170 82 175 97 210 149 73 65 0 27 141 172 157 69 124 104 113 116 92 
84 135 160 146 107 260 220 122 131 161 175 197 109 202 124 237 176 100 92 27 0 168 193 184 96 151 131 140 116 119 
219 129 150 122 187 228 197 46 186 155 111 121 185 217 44 69 100 68 176 141 168 0 161 178 180 67 149 108 84 175 
110 164 169 92 92 237 36 142 96 167 121 217 94 196 144 131 99 120 107 172 193 161 0 17 105 161 125 160 77 104 
127 181 152 75 107 254 53 136 79 184 104 211 109 213 138 148 82 137 92 157 184 178 17 0 88 144 142 177 94 119 
155 176 64 58 19 288 141 150 167 202 87 163 21 152 152 197 166 128 4 69 96 180 105 88 0 139 81 168 171 31 
218 112 185 121 120 211 174 29 169 138 94 104 118 156 27 136 83 51 135 124 151 67 161 144 139 0 85 91 94 108 
215 197 145 139 100 296 89 114 208 223 168 189 102 71 112 116 168 136 85 104 131 149 125 142 81 85 0 174 179 112 
207 145 218 110 168 200 196 62 165 171 115 137 170 237 64 177 116 40 164 113 140 108 160 177 168 91 174 0 83 180 
164 116 221 113 169 160 113 65 168 90 118 140 171 240 67 153 119 43 167 116 116 84 77 94 171 94 179 83 0 181 
178 165 95 81 12 300 140 137 196 191 110 186 10 183 135 224 191 140 27 92 119 175 104 119 31 108 112 180 181 0 
7
62
40
15
38
80
71
82
36
14
18
14
34
7
17
47
12
7
37
54
64
5
69
69
46
16
70
60
52
