22
0 124 235 122 112 167 262 87 46 159 296 255 186 150 304 206 66 92 273 119 328 113 
124 0 271 85 236 203 293 119 78 283 236 291 282 182 315 214 190 32 282 155 291 161 
235 271 0 292 347 68 199 267 281 336 227 20 164 204 69 107 284 239 210 116 376 122 
122 85 292 0 153 224 210 35 76 230 257 279 197 98 230 204 188 53 221 176 206 182 
112 236 347 153 0 279 363 188 158 138 408 367 298 251 383 318 178 204 374 231 359 225 
167 203 68 224 279 0 267 208 213 326 295 88 232 271 137 39 216 171 278 48 430 54 
262 293 199 210 363 267 0 175 216 370 88 179 323 238 130 306 328 262 11 315 177 321 
87 119 267 35 188 208 175 0 41 195 263 247 232 63 265 169 153 87 186 206 241 200 
46 78 281 76 158 213 216 41 0 205 250 288 232 104 294 210 112 46 227 165 282 159 
159 283 336 230 138 326 370 195 205 0 358 316 345 132 365 364 225 251 381 278 375 272 
296 236 227 257 408 295 88 263 250 358 0 247 391 326 218 334 263 204 77 327 243 333 
255 291 20 279 367 88 179 247 288 316 247 0 144 184 49 127 304 259 190 136 356 142 
186 282 164 197 298 232 323 232 232 345 391 144 0 295 193 271 252 250 334 280 403 286 
150 182 204 98 251 271 238 63 104 132 326 184 295 0 233 232 216 150 249 269 243 263 
304 315 69 230 383 137 130 265 294 365 218 49 193 233 0 176 353 283 141 185 307 191 
206 214 107 204 318 39 306 169 210 364 334 127 271 232 176 0 255 182 317 87 410 93 
66 190 284 188 178 216 328 153 112 225 263 304 252 216 353 255 0 158 339 168 394 162 
92 32 239 53 204 171 262 87 46 251 204 259 250 150 283 182 158 0 273 123 259 129 
273 282 210 221 374 278 11 186 227 381 77 190 334 249 141 317 339 273 0 326 166 332 
119 155 116 176 231 48 315 206 165 278 327 136 280 269 185 87 168 123 326 0 382 6 
328 291 376 206 359 430 177 241 282 375 243 356 403 243 307 410 394 259 166 382 0 388 
113 161 122 182 225 54 321 200 159 272 333 142 286 263 191 93 162 129 332 6 388 0 
97
44
1
97
55
71
11
80
85
1
48
72
25
10
60
100
90
75
92
83
87
