35
0 137 212 198 112 200 175 239 46 159 282 128 176 246 86 126 66 117 216 119 233 113 107 158 151 290 199 190 290 147 234 172 97 120 227 
137 0 168 76 32 137 95 142 150 115 243 68 132 124 134 29 85 20 133 36 136 101 44 78 88 204 141 87 153 50 137 35 58 23 167 
212 168 0 92 197 215 230 207 258 53 304 236 70 140 284 179 235 176 138 186 207 251 194 222 238 330 297 103 233 200 256 133 207 173 271 
198 76 92 0 108 195 171 141 226 39 301 144 56 48 192 87 143 84 191 94 147 159 102 130 146 238 205 11 141 108 195 41 116 81 243 
112 32 197 108 0 169 63 174 158 147 275 100 164 156 166 61 117 52 165 68 168 133 76 46 120 236 173 119 185 82 169 67 90 55 199 
200 137 215 195 169 0 232 152 215 234 334 205 251 243 175 120 134 117 77 127 146 159 93 160 49 273 238 184 234 141 228 172 149 114 296 
175 95 230 171 63 232 0 237 221 210 338 163 227 219 229 124 180 115 228 131 231 196 139 109 183 299 236 182 248 145 232 130 153 118 187 
239 142 207 141 174 152 237 0 244 180 264 162 197 123 230 125 181 122 75 132 6 197 140 220 184 246 243 130 89 92 233 177 154 119 214 
46 150 258 226 158 215 221 244 0 205 297 82 222 204 40 145 112 154 249 152 250 159 138 204 166 244 153 221 303 178 225 185 143 151 181 
159 115 53 39 147 234 210 180 205 0 339 183 17 87 231 126 182 123 191 133 186 198 141 169 185 277 244 50 180 147 234 80 154 120 218 
282 243 304 301 275 334 338 264 297 339 0 311 322 349 257 214 216 223 304 207 258 298 241 321 285 401 344 290 262 247 322 278 185 220 378 
128 68 236 144 100 205 163 162 82 183 311 0 200 192 122 97 153 88 201 104 168 169 112 146 156 272 209 155 221 118 205 103 126 91 99 
176 132 70 56 164 251 227 197 222 17 322 200 0 104 248 143 168 140 208 150 203 215 158 186 202 294 261 67 197 164 251 97 137 137 201 
246 124 140 48 156 243 219 123 204 87 349 192 104 0 164 135 191 132 198 142 129 207 150 178 194 190 253 59 189 156 243 89 164 129 291 
86 134 284 192 166 175 229 230 40 231 257 122 248 164 0 105 152 114 209 112 224 189 132 212 126 204 113 181 287 138 185 166 134 111 221 
126 29 179 87 61 120 124 125 145 126 214 97 143 135 105 0 60 9 104 7 119 84 27 107 71 187 130 76 182 33 108 64 29 6 196 
66 85 235 143 117 134 180 181 112 182 216 153 168 191 152 60 0 65 150 53 175 140 41 163 85 240 186 132 238 89 168 120 31 62 162 
117 20 176 84 52 117 115 122 154 123 223 88 140 132 114 9 65 0 113 16 116 81 24 98 68 184 121 73 173 30 117 55 38 3 187 
216 133 138 191 165 77 228 75 249 191 304 201 208 198 209 104 150 113 0 97 69 188 131 211 126 196 234 180 157 137 212 168 119 110 282 
119 36 186 94 68 127 131 132 152 133 207 104 150 142 112 7 53 16 97 0 126 91 34 114 78 194 137 83 189 40 115 71 22 13 203 
233 136 207 147 168 146 231 6 250 186 258 168 203 129 224 119 175 116 69 126 0 191 134 214 178 240 237 136 95 86 227 171 148 113 220 
113 101 251 159 133 159 196 197 159 198 298 169 215 207 189 84 140 81 188 91 191 0 99 179 110 259 148 148 254 105 140 136 113 78 268 
107 44 194 102 76 93 139 140 138 141 241 112 158 150 132 27 41 24 131 34 134 99 0 122 44 202 145 91 197 48 135 79 56 21 203 
158 78 222 130 46 160 109 220 204 169 321 146 186 178 212 107 163 98 211 114 214 179 122 0 111 282 219 141 142 128 215 113 136 101 212 
151 88 238 146 120 49 183 184 166 185 285 156 202 194 126 71 85 68 126 78 178 110 44 111 0 246 189 135 241 92 179 123 100 65 247 
290 204 330 238 236 273 299 246 244 277 401 272 294 190 204 187 240 184 196 194 240 259 202 282 246 0 187 249 335 154 259 239 216 181 342 
199 141 297 205 173 238 236 243 153 244 344 209 261 253 113 130 186 121 234 137 237 148 145 219 189 187 0 194 294 151 72 176 159 124 263 
190 87 103 11 119 184 182 130 221 50 290 155 67 59 181 76 132 73 180 83 136 148 91 141 135 249 194 0 130 97 184 52 105 70 254 
290 153 233 141 185 234 248 89 303 180 262 221 197 189 287 182 238 173 157 189 95 254 197 142 241 335 294 130 0 181 290 182 211 176 125 
147 50 200 108 82 141 145 92 178 147 247 118 164 156 138 33 89 30 137 40 86 105 48 128 92 154 151 97 181 0 141 85 62 27 188 
234 137 256 195 169 228 232 233 225 234 322 205 251 243 185 108 168 117 212 115 227 140 135 215 179 259 72 184 290 141 0 172 137 114 191 
172 35 133 41 67 172 130 177 185 80 278 103 97 89 166 64 120 55 168 71 171 136 79 113 123 239 176 52 182 85 172 0 93 58 202 
97 58 207 116 90 149 153 154 143 154 185 126 137 164 134 29 31 38 119 22 148 113 56 136 100 216 159 105 211 62 137 93 0 35 193 
120 23 173 81 55 114 118 119 151 120 220 91 137 129 111 6 62 3 110 13 113 78 21 101 65 181 124 70 176 27 114 58 35 0 190 
227 167 271 243 199 296 187 214 181 218 378 99 201 291 221 196 162 187 282 203 220 268 203 212 247 342 263 254 125 188 191 202 193 190 0 
29
60
61
2
39
52
55
88
24
8
25
58
45
56
84
90
52
8
10
57
3
58
75
32
63
43
20
59
57
40
28
37
5
39
