12
0 184 332 321 394 207 326 159 331 209 712 439 
184 0 391 137 453 270 483 343 488 268 740 502 
332 391 0 411 62 125 284 186 289 123 380 357 
321 137 411 0 349 384 423 480 418 382 603 373 
394 453 62 349 0 187 222 248 227 185 318 418 
207 270 125 384 187 0 375 311 370 2 505 232 
326 483 284 423 222 375 0 167 5 373 440 196 
159 343 186 480 248 311 167 0 172 309 566 300 
331 488 289 418 227 370 5 172 0 368 435 191 
209 268 123 382 185 2 373 309 368 0 503 234 
712 740 380 603 318 505 440 566 435 503 0 626 
439 502 357 373 418 232 196 300 191 234 626 0 
40
63
59
65
99
3
89
86
68
78
13
