20
0 194 83 225 78 203 197 102 193 130 75 14 164 120 158 170 147 170 64 138 
194 0 220 331 215 262 248 223 246 186 119 189 223 173 211 276 200 220 258 56 
83 220 0 152 5 130 124 29 120 57 101 97 91 47 85 97 74 122 147 164 
225 331 152 0 147 201 235 171 85 180 212 239 216 158 196 55 185 245 289 275 
78 215 5 147 0 125 119 24 115 52 96 92 86 42 80 92 69 117 142 159 
203 262 130 201 125 0 174 101 170 177 143 217 39 97 81 200 70 202 267 206 
197 248 124 235 119 174 0 143 150 93 129 211 135 77 115 180 104 28 134 192 
102 223 29 171 24 101 143 0 139 76 104 116 62 66 104 116 93 141 166 167 
193 246 120 85 115 170 150 139 0 95 127 207 131 73 111 30 100 160 257 190 
130 186 57 180 52 177 93 76 95 0 148 144 138 94 132 125 121 65 171 130 
75 119 101 212 96 143 129 104 127 148 0 89 104 54 92 157 81 101 139 63 
14 189 97 239 92 217 211 116 207 144 89 0 178 134 172 184 161 184 78 152 
164 223 91 216 86 39 135 62 131 138 104 178 0 58 42 161 31 163 228 167 
120 173 47 158 42 97 77 66 73 94 54 134 58 0 38 103 27 105 184 117 
158 211 85 196 80 81 115 104 111 132 92 172 42 38 0 141 11 143 222 155 
170 276 97 55 92 200 180 116 30 125 157 184 161 103 141 0 130 190 234 220 
147 200 74 185 69 70 104 93 100 121 81 161 31 27 11 130 0 132 211 144 
170 220 122 245 117 202 28 141 160 65 101 184 163 105 143 190 132 0 106 164 
64 258 147 289 142 267 134 166 257 171 139 78 228 184 222 234 211 106 0 202 
138 56 164 275 159 206 192 167 190 130 63 152 167 117 155 220 144 164 202 0 
54
34
16
76
15
6
21
71
7
1
42
42
94
82
9
22
15
19
70
