20
0 96 134 321 184 91 139 209 73 147 185 106 141 160 288 136 52 200 246 216 
96 0 48 313 176 5 131 233 169 178 159 20 133 191 262 50 44 225 150 130 
134 48 0 273 189 43 91 200 207 138 137 58 93 151 240 88 82 273 198 168 
321 313 273 0 273 308 182 291 394 229 224 319 180 242 327 353 269 426 351 212 
184 176 189 273 0 171 219 328 244 266 182 186 221 279 285 183 132 275 200 61 
91 5 43 308 171 0 126 228 164 173 154 15 128 186 257 45 39 230 155 125 
139 131 91 182 219 126 0 109 212 47 46 137 2 60 149 171 87 309 281 251 
209 233 200 291 328 228 109 0 282 62 155 213 111 75 258 273 196 310 235 353 
73 169 207 394 244 164 212 282 0 220 258 179 214 233 361 182 125 273 319 289 
147 178 138 229 266 173 47 62 220 0 93 168 49 13 196 218 134 347 297 298 
185 159 137 224 182 154 46 155 258 93 0 169 44 106 103 199 133 355 309 243 
106 20 58 319 186 15 137 213 179 168 169 0 139 181 272 60 54 245 170 140 
141 133 93 180 221 128 2 111 214 49 44 139 0 62 147 173 89 311 283 253 
160 191 151 242 279 186 60 75 233 13 106 181 62 0 209 231 147 360 310 311 
288 262 240 327 285 257 149 258 361 196 103 272 147 209 0 302 236 458 412 346 
136 50 88 353 183 45 171 273 182 218 199 60 173 231 302 0 84 275 200 170 
52 44 82 269 132 39 87 196 125 134 133 54 89 147 236 84 0 252 194 164 
200 225 273 426 275 230 309 310 273 347 355 245 311 360 458 275 252 0 75 214 
246 150 198 351 200 155 281 235 319 297 309 170 283 310 412 200 194 75 0 139 
216 130 168 212 61 125 251 353 289 298 243 140 253 311 346 170 164 214 139 0 
32
3
15
7
48
35
65
70
73
40
95
87
62
32
5
29
62
99
3
