55
0 941 739 337 328 773 1043 473 509 642 853 747 976 241 934 800 324 32 700 560 606 686 631 514 199 895 105 875 656 773 756 804 300 771 529 696 1123 641 755 543 274 550 668 148 212 290 540 902 768 967 690 590 463 1072 430 
941 0 548 747 749 649 106 471 648 340 459 478 42 700 160 674 624 953 453 687 437 788 349 684 941 112 891 334 286 169 189 139 711 246 679 255 182 396 241 865 817 394 567 993 961 903 541 78 562 38 687 521 718 147 613 
739 548 0 411 761 105 635 409 793 297 145 70 588 572 670 136 562 731 752 215 212 1017 562 248 624 603 644 771 407 487 494 453 691 309 835 501 674 219 583 377 793 474 72 704 878 541 209 470 889 585 941 162 826 589 692 
337 747 411 0 477 436 853 310 595 408 539 433 788 258 796 463 311 325 685 223 330 822 536 177 217 739 236 804 473 601 592 610 409 526 633 552 920 372 634 249 475 424 339 293 510 156 236 688 799 781 782 282 591 853 483 
328 749 761 477 0 833 841 367 184 543 831 740 776 219 696 867 199 358 402 660 565 367 401 615 480 674 369 593 499 582 561 631 71 657 201 495 925 583 522 726 74 373 702 464 226 534 556 735 446 767 362 600 135 894 140 
773 649 105 436 833 0 733 494 878 399 214 172 688 632 773 34 634 761 852 214 307 1106 662 259 634 706 672 876 509 592 599 557 762 412 920 605 767 319 688 337 858 570 133 717 929 542 277 571 988 686 1035 238 908 681 774 
1043 106 635 853 841 733 0 576 727 445 532 565 67 802 182 756 724 1056 516 785 540 848 440 786 1047 171 996 364 391 270 288 245 807 344 755 352 84 499 322 965 911 494 660 1098 1057 1009 644 171 609 76 745 621 800 100 704 
473 471 409 310 367 494 576 0 384 181 464 377 509 237 492 528 181 482 393 374 201 612 227 342 476 442 420 494 185 309 296 333 304 307 426 246 653 216 324 511 414 114 361 523 532 455 225 429 521 501 544 256 417 599 283 
509 648 793 595 184 878 727 384 0 526 831 756 666 349 563 912 284 538 236 739 582 231 307 699 644 556 538 432 450 494 472 551 215 616 42 410 811 587 407 840 254 334 745 640 401 683 606 650 262 657 190 640 76 795 112 
642 340 297 408 543 399 445 181 526 0 305 244 382 414 414 433 362 647 455 364 108 738 265 352 610 351 575 483 110 216 215 207 483 129 568 207 512 80 293 535 594 192 278 670 713 564 206 280 592 376 655 198 573 446 440 
853 459 145 539 831 214 532 464 831 305 0 106 495 664 601 230 636 849 748 359 266 1043 562 387 756 535 764 730 399 442 454 395 764 254 873 481 559 248 551 522 871 497 210 832 973 678 313 381 884 494 958 263 875 472 741 
747 478 70 433 740 172 565 377 756 244 106 0 518 564 601 201 543 743 699 261 176 975 509 285 650 534 658 708 350 422 430 385 672 240 798 442 606 170 522 433 778 428 112 726 873 573 207 400 836 515 895 157 794 521 660 
976 42 588 788 776 688 67 509 666 382 495 518 0 735 147 713 657 989 464 729 479 799 375 726 980 116 929 328 324 203 221 178 741 288 697 285 149 438 259 907 846 427 608 1031 991 944 583 118 565 9 696 563 738 133 639 
241 700 572 258 219 632 802 237 349 414 664 564 735 0 695 664 88 256 489 446 400 569 394 399 306 654 215 647 417 532 515 564 151 542 383 455 882 428 515 507 227 309 507 324 309 334 363 664 581 726 539 411 335 833 243 
934 160 670 796 696 773 182 492 563 414 601 601 147 695 0 802 610 951 340 778 522 667 305 766 967 67 902 183 323 199 204 218 671 361 587 246 260 487 180 949 768 390 676 1009 919 946 620 227 427 140 564 612 638 275 556 
800 674 136 463 867 34 756 528 912 433 230 201 713 664 802 0 668 788 886 240 341 1140 696 286 658 735 699 907 543 623 630 586 796 441 954 637 787 353 719 347 890 604 167 741 960 564 311 596 1022 711 1069 272 942 701 808 
324 624 562 311 199 634 724 181 284 362 636 543 657 88 610 668 0 341 402 468 370 513 307 424 392 572 303 559 347 455 436 492 129 486 322 374 806 392 431 556 235 230 503 412 352 410 357 594 500 648 471 401 287 761 172 
32 953 731 325 358 761 1056 482 538 647 849 743 989 256 951 788 341 0 724 548 606 717 648 502 171 910 89 896 667 787 770 815 326 776 559 711 1135 642 771 520 305 565 659 116 243 265 536 911 795 981 720 586 493 1081 456 
700 453 752 685 402 852 516 393 236 455 748 699 464 489 340 886 402 724 0 765 546 335 190 735 794 348 702 196 350 332 312 391 403 500 253 268 598 533 221 904 476 289 724 810 628 808 607 477 137 455 234 627 312 597 272 
560 687 215 223 660 214 785 374 739 364 359 261 729 446 778 240 468 548 765 0 256 970 585 47 420 713 459 836 465 580 578 563 589 441 780 560 839 291 647 180 673 476 149 503 727 330 162 614 895 724 913 166 754 760 628 
606 437 212 330 565 307 540 201 582 108 266 176 479 400 522 341 370 606 546 256 0 805 357 248 543 457 526 589 215 324 323 310 498 199 624 312 601 42 399 431 605 263 178 610 709 485 104 370 682 474 729 90 618 527 484 
686 788 1017 822 367 1106 848 612 231 738 1043 975 799 569 667 1140 513 717 335 970 805 0 489 930 847 683 736 497 648 661 640 720 422 812 191 586 927 805 555 1069 412 547 973 829 523 897 835 811 249 790 103 868 235 932 343 
631 349 562 536 401 662 440 227 307 265 562 509 375 394 305 696 307 648 190 585 357 489 0 559 681 274 605 268 163 188 166 244 369 323 343 103 524 343 125 735 471 113 535 714 619 675 425 344 327 366 398 440 373 496 264 
514 684 248 177 615 259 786 342 699 352 387 285 726 399 766 286 424 502 735 47 248 930 559 0 379 703 413 816 449 568 565 558 544 442 740 542 843 288 629 183 626 448 177 461 680 293 146 615 863 722 875 165 711 766 588 
199 941 624 217 480 634 1047 476 644 610 756 650 980 306 967 658 392 171 794 420 543 847 681 379 0 918 112 945 657 785 772 802 430 733 672 721 1120 584 794 359 444 579 552 84 411 100 453 888 887 973 833 499 614 1056 545 
895 112 603 739 674 706 171 442 556 351 535 534 116 654 67 735 572 910 348 713 457 683 274 703 918 0 857 222 266 138 147 151 643 294 584 199 255 422 152 886 745 345 609 963 893 892 557 166 451 107 580 547 629 249 535 
105 891 644 236 369 672 996 420 538 575 764 658 929 215 902 699 303 89 702 459 526 736 605 413 112 857 0 862 605 729 714 753 323 703 564 658 1073 564 725 438 332 512 572 109 307 190 451 846 785 921 725 501 504 1016 443 
875 334 771 804 593 876 364 494 432 483 730 708 328 647 183 907 559 896 196 836 589 497 268 816 945 222 862 0 374 288 278 335 586 476 448 277 438 563 190 996 667 380 761 971 819 943 674 386 250 321 395 678 508 458 458 
656 286 407 473 499 509 391 185 450 110 399 350 324 417 323 543 347 667 350 465 215 648 163 449 657 266 605 374 0 128 119 148 449 166 490 97 468 190 184 632 560 126 388 707 695 627 303 247 487 316 560 304 506 416 380 
773 169 487 601 582 592 270 309 494 216 442 422 203 532 199 623 455 787 332 580 324 661 188 568 785 138 729 288 128 0 22 59 542 188 530 87 351 291 114 751 649 225 485 832 792 755 422 156 460 194 563 414 561 312 449 
756 189 494 592 561 599 288 296 472 215 454 430 221 515 204 630 436 770 312 578 323 640 166 565 772 147 714 278 119 22 0 80 522 200 508 66 370 292 97 748 628 206 488 818 772 745 419 178 442 212 543 413 539 333 428 
804 139 453 610 631 557 245 333 551 207 395 385 178 564 218 586 492 815 391 563 310 720 244 558 802 151 753 335 148 59 80 0 586 145 587 141 320 272 172 741 696 263 458 854 835 766 413 104 518 171 622 397 616 269 501 
300 711 691 409 71 762 807 304 215 483 764 672 741 151 671 796 129 326 403 589 498 422 369 544 430 643 323 586 449 542 522 586 0 601 242 456 890 518 493 658 111 324 632 425 250 475 486 690 469 732 403 530 187 854 131 
771 246 309 526 657 412 344 307 616 129 254 240 288 542 361 441 486 776 500 441 199 812 323 442 733 294 703 476 166 188 200 145 601 0 656 232 402 157 297 621 712 288 321 796 838 682 303 173 635 284 721 277 672 328 543 
529 679 835 633 201 920 755 426 42 568 873 798 697 383 587 954 322 559 253 780 624 191 343 740 672 584 564 448 490 530 508 587 242 656 0 446 839 629 438 878 264 376 787 664 404 715 648 686 256 688 161 682 71 826 152 
696 255 501 552 495 605 352 246 410 207 481 442 285 455 246 637 374 711 268 560 312 586 103 542 721 199 658 277 97 87 66 141 456 232 446 0 434 287 87 724 562 146 485 764 706 701 398 243 403 276 492 401 475 399 362 
1123 182 674 920 925 767 84 653 811 512 559 606 149 882 260 787 806 1135 598 839 601 927 524 843 1120 255 1073 438 468 351 370 320 890 402 839 434 0 559 406 1019 995 576 707 1174 1140 1076 705 232 687 158 824 678 884 87 788 
641 396 219 372 583 319 499 216 587 80 248 170 438 428 487 353 392 642 533 291 42 805 343 288 584 422 564 563 190 291 292 272 518 157 629 287 559 0 373 469 627 258 198 650 736 527 146 328 670 434 725 125 628 485 493 
755 241 583 634 522 688 322 324 407 293 551 522 259 515 180 719 431 771 221 647 399 555 125 629 794 152 725 190 184 114 97 172 493 297 438 87 406 373 0 811 594 215 571 832 743 779 485 256 346 250 455 488 479 388 383 
543 865 377 249 726 337 965 511 840 535 522 433 907 507 949 347 556 520 904 180 431 1069 735 183 359 886 438 996 632 751 748 741 658 621 878 724 1019 469 811 0 722 622 322 441 740 259 329 794 1027 902 1024 344 840 940 728 
274 817 793 475 74 858 911 414 254 594 871 778 846 227 768 890 235 305 476 673 605 412 471 626 444 745 332 667 560 649 628 696 111 712 264 562 995 627 594 722 0 434 730 418 152 510 584 800 516 837 420 631 194 961 213 
550 394 474 424 373 570 494 114 334 192 497 428 427 309 390 604 230 565 289 476 263 547 113 448 579 345 512 380 126 225 206 263 324 288 376 146 576 258 215 622 434 0 439 619 572 566 318 367 423 418 467 338 385 532 255 
668 567 72 339 702 133 660 361 745 278 210 112 608 507 676 167 503 659 724 149 178 973 535 177 552 609 572 761 388 485 488 458 632 321 787 485 707 198 571 322 730 439 0 632 810 470 146 491 860 605 902 105 775 624 641 
148 993 704 293 464 717 1098 523 640 670 832 726 1031 324 1009 741 412 116 810 503 610 829 714 461 84 963 109 971 707 832 818 854 425 796 664 764 1174 650 832 441 418 619 632 0 358 183 526 945 891 1023 825 574 599 1114 549 
212 961 878 510 226 929 1057 532 401 713 973 873 991 309 919 960 352 243 628 727 709 523 619 680 411 893 307 819 695 792 772 835 250 838 404 706 1140 736 743 740 152 572 810 358 0 497 669 939 660 982 551 718 333 1104 365 
290 903 541 156 534 542 1009 455 683 564 678 573 944 334 946 564 410 265 808 330 485 897 675 293 100 892 190 943 627 755 745 766 475 682 715 701 1076 527 779 259 510 566 470 183 497 0 388 844 910 937 873 430 662 1009 577 
540 541 209 236 556 277 644 225 606 206 313 207 583 363 620 311 357 536 607 162 104 835 425 146 453 557 451 674 303 422 419 413 486 303 648 398 705 146 485 329 584 318 146 526 669 388 0 474 740 578 769 50 631 631 499 
902 78 470 688 735 571 171 429 650 280 381 400 118 664 227 596 594 911 477 614 370 811 344 615 888 166 846 386 247 156 178 104 690 173 686 243 232 328 256 794 800 367 491 945 939 844 474 0 597 115 711 450 717 170 604 
768 562 889 799 446 988 609 521 262 592 884 836 565 581 427 1022 500 795 137 895 682 249 327 863 887 451 785 250 487 460 442 518 469 635 256 403 687 670 346 1027 516 423 860 891 660 910 740 597 0 557 150 761 327 698 342 
967 38 585 781 767 686 76 501 657 376 494 515 9 726 140 711 648 981 455 724 474 790 366 722 973 107 921 321 316 194 212 171 732 284 688 276 158 434 250 902 837 418 605 1023 982 937 578 115 557 0 687 558 729 142 630 
690 687 941 782 362 1035 745 544 190 655 958 895 696 539 564 1069 471 720 234 913 729 103 398 875 833 580 725 395 560 563 543 622 403 721 161 492 824 725 455 1024 420 467 902 825 551 873 769 711 150 687 0 799 227 829 299 
590 521 162 282 600 238 621 256 640 198 263 157 563 411 612 272 401 586 627 166 90 868 440 165 499 547 501 678 304 414 413 397 530 277 682 401 678 125 488 344 631 338 105 574 718 430 50 450 761 558 799 0 670 601 536 
463 718 826 591 135 908 800 417 76 573 875 794 738 335 638 942 287 493 312 754 618 235 373 711 614 629 504 508 506 561 539 616 187 672 71 475 884 628 479 840 194 385 775 599 333 662 631 717 327 729 227 670 0 865 135 
1072 147 589 853 894 681 100 599 795 446 472 521 133 833 275 701 761 1081 597 760 527 932 496 766 1056 249 1016 458 416 312 333 269 854 328 826 399 87 485 388 940 961 532 624 1114 1104 1009 631 170 698 142 829 601 865 0 760 
430 613 692 483 140 774 704 283 112 440 741 660 639 243 556 808 172 456 272 628 484 343 264 588 545 535 443 458 380 449 428 501 131 543 152 362 788 493 383 728 213 255 641 549 365 577 499 604 342 630 299 536 135 760 0 
82
2
89
46
62
64
24
91
44
71
42
30
20
34
91
22
36
54
63
33
13
34
1
44
25
82
20
1
73
50
38
95
49
23
94
13
87
91
36
41
99
5
20
34
68
94
23
90
42
63
29
18
63
26
