20
0 139 287 332 234 72 726 361 473 399 230 398 267 391 534 834 428 589 298 748 
139 0 426 256 351 75 856 299 605 442 317 460 333 528 555 935 537 693 354 880 
287 426 0 562 202 354 463 570 242 441 291 398 323 119 584 658 282 427 383 478 
332 256 562 0 566 270 903 52 786 327 556 377 301 628 381 879 540 662 606 935 
234 351 202 566 0 302 654 591 265 561 93 536 425 318 706 860 470 624 181 664 
72 75 354 270 302 0 781 303 545 392 286 402 271 453 516 865 464 622 341 805 
726 856 463 903 654 781 0 888 498 626 746 562 602 344 708 357 367 309 834 40 
361 299 570 52 591 303 888 0 801 292 588 347 287 628 334 844 521 635 644 921 
473 605 242 786 265 545 498 801 0 682 343 635 565 267 822 792 487 598 401 494 
399 442 441 327 561 392 626 292 682 0 604 64 138 443 145 552 266 349 688 663 
230 317 291 556 93 286 746 588 343 604 0 587 466 408 746 943 546 704 94 757 
398 460 398 377 536 402 562 347 635 64 587 0 131 388 187 502 202 288 675 599 
267 333 323 301 425 271 602 287 565 138 466 131 0 352 281 609 239 375 550 635 
391 528 119 628 318 453 344 628 267 443 408 388 352 0 574 554 220 338 499 361 
534 555 584 381 706 516 708 334 822 145 746 187 281 574 0 557 375 405 827 748 
834 935 658 879 860 865 357 844 792 552 943 502 609 554 557 0 407 245 1037 390 
428 537 282 540 470 464 367 521 487 266 546 202 239 220 375 407 0 162 640 401 
589 693 427 662 624 622 309 635 598 349 704 288 375 338 405 245 162 0 798 349 
298 354 383 606 181 341 834 644 401 688 94 675 550 499 827 1037 640 798 0 842 
748 880 478 935 664 805 40 921 494 663 757 599 635 361 748 390 401 349 842 0 
24
21
38
39
84
41
80
83
95
82
22
63
46
11
3
35
31
96
28
