12
0 141 408 646 703 482 744 225 697 860 700 519 
141 0 488 779 786 623 881 312 805 1001 841 657 
408 488 0 432 298 451 547 183 340 715 686 396 
646 779 432 0 418 246 115 505 257 285 351 148 
703 786 298 418 0 579 505 480 172 680 761 483 
482 623 451 246 579 0 300 426 456 381 244 105 
744 881 547 115 505 300 0 616 334 177 315 227 
225 312 183 505 480 426 616 0 493 763 669 414 
697 805 340 257 172 456 334 493 0 508 607 352 
860 1001 715 285 680 381 177 763 508 0 261 350 
700 841 686 351 761 244 315 669 607 261 0 295 
519 657 396 148 483 105 227 414 352 350 295 0 
73
57
26
22
12
66
14
68
99
11
46
