20
0 692 356 25 492 434 58 772 624 279 649 151 685 533 716 190 715 254 433 405 
692 0 550 712 209 314 713 436 122 503 54 755 686 769 509 633 179 595 521 700 
356 550 0 359 353 238 328 829 439 107 532 302 883 806 825 473 661 503 611 680 
25 712 359 0 511 449 41 797 643 288 670 133 707 552 741 212 739 278 457 424 
492 209 353 511 0 117 508 509 134 295 180 546 662 679 538 465 309 443 431 583 
434 314 238 449 117 0 438 617 211 194 294 460 736 719 634 453 426 448 483 609 
58 713 328 41 508 438 0 819 637 266 673 93 743 591 768 248 749 312 488 463 
772 436 829 797 509 617 819 0 529 738 400 898 334 522 120 614 259 547 369 530 
624 122 439 643 134 211 637 529 0 405 132 668 740 788 585 598 285 572 537 702 
279 503 107 288 295 194 266 738 405 0 475 270 776 699 726 371 590 397 504 574 
649 54 532 670 180 294 673 400 132 475 0 720 637 715 466 582 153 543 467 646 
151 755 302 133 546 460 93 898 668 270 720 0 835 684 853 341 809 404 577 556 
685 686 883 707 662 736 743 334 740 776 637 835 0 232 214 495 539 431 273 310 
533 769 806 552 679 719 591 522 788 699 715 684 232 0 406 348 662 304 251 129 
716 509 825 741 538 634 768 120 585 726 466 853 214 406 0 544 344 475 290 429 
190 633 473 212 465 453 248 614 598 371 582 341 495 348 544 0 609 69 254 219 
715 179 661 739 309 426 749 259 285 590 153 809 539 662 344 609 0 556 433 619 
254 595 503 278 443 448 312 547 572 397 543 404 431 304 475 69 556 0 185 177 
433 521 611 457 431 483 488 369 537 504 467 577 273 251 290 254 433 185 0 186 
405 700 680 424 583 609 463 530 702 574 646 556 310 129 429 219 619 177 186 0 
51
14
82
73
8
61
74
44
23
75
5
24
74
83
15
99
67
71
95
