8
0 941 739 337 328 773 1045 473 
941 0 548 747 749 649 106 471 
739 548 0 412 762 105 635 409 
337 747 412 0 477 436 853 310 
328 749 762 477 0 833 842 367 
773 649 105 436 833 0 733 495 
1045 106 635 853 842 733 0 577 
473 471 409 310 367 495 577 0 
2
54
53
40
66
92
49
