15
0 340 902 919 568 570 931 998 568 566 268 497 813 451 1058 
340 0 582 581 437 350 701 659 345 355 90 277 474 526 726 
902 582 0 158 540 696 374 231 406 423 636 448 297 831 473 
919 581 158 0 649 611 532 92 499 520 652 523 172 923 315 
568 437 540 649 0 770 389 741 157 135 401 180 659 302 926 
570 350 696 611 770 0 949 650 645 662 426 593 442 873 585 
931 701 374 532 389 949 0 602 368 367 708 440 642 675 847 
998 659 231 92 741 650 602 0 591 612 733 614 209 1015 252 
568 345 406 499 157 645 368 591 0 22 340 72 502 427 769 
566 355 423 520 135 662 367 612 22 0 346 78 524 408 791 
268 90 636 652 401 426 708 733 340 346 0 268 556 447 813 
497 277 448 523 180 593 440 614 72 78 268 0 501 402 772 
813 474 297 172 659 442 642 209 502 524 556 501 0 898 272 
451 526 831 923 302 873 675 1015 427 408 447 402 898 0 1170 
1058 726 473 315 926 585 847 252 769 791 813 772 272 1170 0 
55
41
8
14
44
85
61
23
80
78
47
5
79
84
