12
0 479 468 297 365 238 479 450 40 361 637 93 
479 0 531 246 844 402 210 614 444 552 662 507 
468 531 0 322 715 635 689 889 439 140 171 394 
297 246 322 0 653 354 370 610 257 312 480 289 
365 844 715 653 0 521 815 589 403 575 855 367 
238 402 635 354 521 0 302 257 236 560 806 327 
479 210 689 370 815 302 0 446 455 675 839 540 
450 614 889 610 589 257 446 0 464 803 1060 543 
40 444 439 257 403 236 455 464 0 339 609 92 
361 552 140 312 575 560 675 803 339 0 287 275 
637 662 171 480 855 806 839 1060 609 287 0 558 
93 507 394 289 367 327 540 543 92 275 558 0 
43
25
66
71
44
25
12
95
67
30
84
