55
0 692 356 25 492 434 58 772 624 279 649 151 685 533 716 190 715 254 433 405 475 804 551 391 371 319 435 813 784 507 190 140 900 297 932 645 335 628 444 221 760 244 630 180 421 601 723 798 498 454 714 574 604 673 617 
692 0 550 712 209 314 713 436 122 503 54 755 686 768 509 633 179 595 521 699 616 592 263 304 757 877 752 470 289 579 584 617 225 843 240 134 569 315 651 858 664 933 711 864 360 508 654 432 287 902 658 153 108 449 182 
356 550 0 359 353 238 328 829 439 107 532 302 883 806 825 473 660 503 611 680 694 924 309 362 207 672 206 873 764 702 434 216 775 646 770 578 27 663 129 577 927 563 854 448 491 739 897 845 268 791 893 398 514 765 399 
25 712 359 0 511 449 41 797 643 288 670 133 707 552 741 212 739 278 457 424 497 828 566 413 359 324 425 838 808 531 214 143 922 304 952 668 336 653 441 219 784 227 652 156 446 625 747 823 513 464 738 593 626 698 634 
492 209 353 511 0 117 508 509 134 295 180 546 662 679 537 464 309 443 431 583 532 635 145 135 557 713 559 552 416 511 413 409 433 679 447 227 369 347 467 675 672 736 663 659 259 488 652 518 125 766 651 85 161 473 149 
434 314 238 449 117 0 438 617 211 194 294 460 735 719 634 453 426 448 483 609 581 733 118 180 443 696 442 661 533 571 402 327 539 664 542 344 255 453 350 638 758 676 726 586 323 570 734 629 65 773 733 165 278 571 187 
58 713 328 41 508 438 0 819 637 266 673 93 743 591 768 248 749 312 488 463 533 857 553 419 318 363 385 861 823 564 245 118 928 344 953 676 304 671 404 254 817 242 688 151 464 654 780 845 500 505 771 587 632 724 625 
772 436 829 797 509 617 819 0 529 738 400 898 334 522 120 614 259 547 369 530 404 165 641 467 1007 789 1030 44 172 349 589 777 424 758 515 311 835 166 954 834 267 961 395 947 360 218 275 32 634 732 285 526 373 111 591 
624 122 439 643 134 211 637 529 0 405 132 668 740 788 585 598 285 572 537 702 637 676 142 264 646 847 636 567 398 609 547 533 339 813 332 218 460 387 534 809 733 868 753 788 365 561 719 530 171 893 721 50 158 521 63 
279 503 107 288 295 194 266 738 405 0 475 270 776 699 725 371 590 397 504 574 587 824 297 272 272 584 293 782 687 595 330 148 728 556 735 509 103 572 234 500 822 508 747 406 390 636 792 755 246 693 787 358 449 668 378 
649 54 532 670 180 294 673 400 132 475 0 720 637 714 466 582 153 543 467 645 562 552 264 258 737 825 736 438 266 526 534 582 256 791 284 90 549 269 640 809 618 888 660 823 306 458 608 400 278 848 611 145 54 403 195 
151 755 302 133 546 460 93 898 668 270 720 0 835 684 853 341 809 404 577 556 625 944 567 475 240 441 311 941 890 655 336 138 976 425 993 733 275 746 349 322 908 268 781 147 539 741 871 922 516 590 862 619 683 806 647 
685 686 883 707 662 735 743 334 740 776 637 835 0 232 214 495 539 431 273 310 210 213 807 555 1012 570 1056 341 491 183 500 750 741 548 826 552 879 373 1010 656 103 801 79 830 412 179 69 363 779 462 56 716 589 252 790 
533 768 806 552 679 719 591 522 788 699 714 684 232 0 406 348 661 304 251 129 152 438 815 549 892 348 948 540 648 194 376 631 880 331 954 646 795 492 926 450 335 597 153 648 423 309 300 553 775 230 287 752 661 416 825 
716 509 825 741 537 634 768 120 585 725 466 853 214 406 0 544 344 475 290 428 302 99 678 466 988 694 1018 134 280 248 527 742 533 665 621 376 827 198 954 751 158 885 275 884 335 121 159 151 662 624 167 572 427 64 643 
190 633 473 212 464 453 248 614 598 371 582 341 495 348 544 0 609 69 254 219 285 625 568 334 544 249 601 652 657 321 51 284 817 215 864 553 459 490 586 233 574 347 440 342 297 424 537 643 518 325 527 549 531 509 610 
715 179 660 739 309 426 749 259 285 590 153 809 539 661 344 609 0 556 433 619 514 420 415 334 860 836 866 292 113 467 568 674 220 802 293 82 674 171 776 842 502 942 577 895 312 369 499 253 422 830 505 296 148 290 348 
254 595 503 278 443 448 312 547 572 397 543 404 431 304 475 69 556 0 185 177 221 556 559 308 593 283 646 584 597 253 72 330 768 249 821 505 492 428 622 292 506 414 380 411 245 355 469 576 511 325 460 526 489 440 591 
433 521 611 457 431 483 488 369 537 504 467 577 273 251 290 254 433 185 0 186 101 372 571 306 741 424 784 404 446 91 243 481 653 392 720 404 607 276 738 465 332 596 246 596 173 170 297 400 534 397 290 502 413 260 575 
405 699 680 424 583 609 463 530 702 574 645 556 310 129 428 219 619 177 186 0 126 486 713 449 763 267 819 558 628 181 247 502 839 241 905 588 669 460 798 346 405 492 241 529 341 312 367 562 669 211 355 662 591 419 732 
475 616 694 497 532 581 533 404 637 587 562 625 210 152 302 285 514 221 101 126 0 363 671 406 809 392 857 432 511 55 291 546 734 364 806 495 688 348 820 460 293 601 161 622 274 186 255 436 634 329 245 603 509 293 676 
804 592 924 828 635 733 857 165 676 824 552 944 213 438 99 625 420 556 372 486 363 0 775 565 1085 753 1117 150 337 313 614 837 589 727 680 462 926 290 1053 822 120 961 290 967 434 203 144 184 760 666 157 666 518 162 735 
551 263 309 566 145 118 553 641 142 297 264 567 807 815 678 568 415 559 571 713 671 775 0 266 515 813 499 682 528 653 517 439 479 781 463 339 332 485 394 756 816 793 807 699 401 633 796 647 53 884 796 119 271 614 90 
391 304 362 413 135 180 419 467 264 272 258 475 555 549 466 334 334 308 306 449 406 565 266 0 543 583 563 511 421 392 284 340 509 549 542 258 368 301 490 554 581 630 547 568 143 392 556 484 228 631 554 218 213 404 284 
371 757 207 359 557 443 318 1007 646 272 737 240 1012 892 988 544 860 593 741 763 809 1085 515 543 0 680 73 1051 959 829 521 263 982 662 977 778 188 843 154 562 1070 496 970 371 653 889 1038 1026 475 823 1031 605 715 931 605 
319 877 672 324 713 696 363 789 847 584 825 441 570 348 694 249 836 283 424 267 392 753 813 583 680 0 748 821 866 446 300 457 1051 34 1104 788 652 696 763 127 669 264 495 348 528 575 631 821 761 162 619 798 772 678 859 
435 752 206 425 559 442 385 1030 636 293 736 311 1056 948 1018 601 866 646 784 819 857 1117 499 563 73 748 0 1074 970 873 574 317 975 729 962 784 195 864 109 632 1110 569 1018 444 683 925 1078 1047 465 889 1072 599 720 961 589 
813 470 873 838 552 661 861 44 567 782 438 941 341 540 134 652 292 584 404 558 432 150 682 511 1051 821 1074 0 195 377 629 821 441 791 533 349 879 210 998 869 262 998 408 987 404 246 277 39 677 757 288 567 413 144 629 
784 289 764 808 416 533 823 172 398 687 266 890 491 648 280 657 113 597 446 628 511 337 528 421 959 866 970 195 0 459 621 758 253 833 343 190 776 170 883 889 435 999 541 964 364 340 439 156 533 838 447 409 258 240 461 
507 579 702 531 511 571 564 349 609 595 526 655 183 194 248 321 467 253 91 181 55 313 653 392 829 446 873 377 459 0 319 567 687 417 760 453 698 299 829 509 253 648 156 662 252 131 216 381 620 384 207 577 473 238 651 
190 584 434 214 413 402 245 589 547 330 534 336 500 376 527 51 568 72 243 247 291 614 517 284 521 300 574 629 621 319 0 258 772 266 816 509 422 457 551 277 572 378 452 358 258 411 535 617 467 373 526 498 483 488 559 
140 617 216 143 409 327 118 777 533 148 582 138 750 631 742 284 674 330 481 502 546 837 439 340 263 457 317 821 758 567 258 0 838 433 856 597 195 620 309 361 813 360 707 260 417 637 778 800 386 584 771 483 546 691 514 
900 225 775 922 433 539 928 424 339 728 256 976 741 880 533 817 220 768 653 839 734 589 479 509 982 1051 975 441 253 687 772 838 0 1017 92 264 794 388 873 1049 688 1138 788 1077 523 582 692 405 510 1050 700 377 296 489 391 
297 843 646 304 679 664 344 758 813 556 791 425 548 331 665 215 802 249 392 241 364 727 781 549 662 34 729 791 833 417 266 433 1017 0 1070 754 627 663 741 125 645 270 474 343 494 545 607 790 729 166 595 764 738 647 825 
932 240 770 952 447 542 953 515 332 735 284 993 826 954 621 864 293 821 720 905 806 680 463 542 977 1104 962 533 343 760 816 856 92 1070 0 318 791 464 857 1092 778 1172 870 1104 577 662 780 496 502 1114 788 377 333 574 373 
645 134 578 668 227 344 676 311 218 509 90 733 552 646 376 553 82 505 404 588 495 462 339 258 778 788 784 349 190 453 509 597 264 754 318 0 592 181 694 786 530 877 580 824 260 375 520 312 343 796 524 220 68 315 280 
335 569 27 336 369 255 304 835 460 103 549 275 879 795 827 459 674 492 607 669 688 926 332 368 188 652 195 879 776 698 422 195 794 627 791 592 0 669 132 555 925 538 849 422 492 739 895 852 289 774 890 417 529 769 421 
628 315 663 653 347 453 671 166 387 572 269 746 373 492 198 490 171 428 276 460 348 290 485 301 843 696 864 210 170 299 457 620 388 663 464 181 669 0 788 720 349 835 407 807 207 199 339 183 472 671 343 376 229 134 445 
444 651 129 441 467 350 404 954 534 234 640 349 1010 926 954 586 776 622 738 798 820 1053 394 490 154 763 109 998 883 829 551 309 873 741 857 694 132 788 0 658 1056 617 981 494 620 868 1026 970 364 893 1021 498 628 893 484 
221 858 577 219 675 638 254 834 809 500 809 322 656 450 751 233 842 292 465 346 460 822 756 554 562 127 632 869 889 509 277 361 1049 125 1092 786 555 720 658 0 750 147 586 221 530 630 712 865 703 288 700 760 759 725 813 
760 664 927 784 672 758 817 267 733 822 618 908 103 335 158 574 502 506 332 405 293 120 816 581 1070 669 1110 262 435 253 572 813 688 645 778 530 925 349 1056 750 0 893 182 914 440 189 38 292 794 565 50 716 577 215 788 
244 933 563 227 736 676 242 961 868 508 888 268 801 597 885 347 942 414 596 492 601 961 793 630 496 264 569 998 999 648 378 360 1138 270 1172 877 538 835 617 147 893 0 732 125 636 764 855 990 740 426 844 818 842 854 861 
630 711 854 652 663 726 688 395 753 747 660 781 79 153 275 440 577 380 246 241 161 290 807 547 970 495 1018 408 541 156 452 707 788 474 870 580 849 407 981 586 182 732 0 768 406 208 148 426 774 383 135 725 610 301 799 
180 864 448 156 659 586 151 947 788 406 823 147 830 648 884 342 895 411 596 529 622 967 699 568 371 348 444 987 964 662 358 260 1077 343 1104 824 422 807 494 221 914 125 768 0 601 766 877 974 646 509 866 738 781 846 773 
421 360 491 446 259 323 464 360 365 390 306 539 412 423 335 297 312 245 173 341 274 434 401 143 653 528 683 404 364 252 258 417 523 494 577 260 492 207 620 530 440 636 406 601 0 251 413 383 369 542 411 329 252 278 402 
601 508 739 625 488 570 654 218 561 636 458 741 179 309 121 424 369 355 170 312 186 203 633 392 889 575 925 246 340 131 411 637 582 545 662 375 739 199 868 630 189 764 208 766 251 0 164 250 608 514 163 539 410 108 612 
723 654 897 747 652 734 780 275 719 792 608 871 69 300 159 537 499 469 297 367 255 144 796 556 1038 631 1078 277 439 216 535 778 692 607 780 520 895 339 1026 712 38 855 148 877 413 164 0 303 772 530 13 699 564 209 772 
798 432 845 823 518 629 845 32 530 755 400 922 363 553 151 643 253 576 400 562 436 184 647 484 1026 821 1047 39 156 381 617 800 405 790 496 312 852 183 970 865 292 990 426 974 383 250 303 0 643 764 313 530 376 143 592 
498 287 268 513 125 65 500 634 171 246 278 516 779 775 662 518 422 511 534 669 634 760 53 228 475 761 465 677 533 620 467 386 510 729 502 343 289 472 364 703 794 740 774 646 369 608 772 643 0 836 771 134 275 598 133 
454 902 791 464 766 773 505 732 893 693 848 590 462 230 624 325 830 325 397 211 329 666 884 631 823 162 889 757 838 384 373 584 1050 166 1114 796 774 671 893 288 565 426 383 509 542 514 530 764 836 0 517 849 794 622 915 
714 658 893 738 651 733 771 285 721 787 611 862 56 287 167 527 505 460 290 355 245 157 796 554 1031 619 1072 288 447 207 526 771 700 595 788 524 890 343 1021 700 50 844 135 866 411 163 13 313 771 517 0 701 567 215 774 
574 153 398 593 85 165 587 526 50 358 145 619 716 752 572 549 296 526 502 662 603 666 119 218 605 798 599 567 409 577 498 483 377 764 377 220 417 376 498 760 716 818 725 738 329 539 699 530 134 849 701 0 154 508 74 
604 108 514 626 161 278 632 373 158 449 54 683 589 661 427 531 148 489 413 591 509 518 271 213 715 772 720 413 258 473 483 546 296 738 333 68 529 229 628 759 577 842 610 781 252 410 564 376 275 794 567 154 0 363 218 
673 449 765 698 473 571 724 111 521 668 403 806 252 416 64 509 290 440 260 419 293 162 614 404 931 678 961 144 240 238 488 691 489 647 574 315 769 134 893 725 215 854 301 846 278 108 209 143 598 622 215 508 363 0 579 
617 182 399 634 149 187 625 591 63 378 195 647 790 825 643 610 348 591 575 732 676 735 90 284 605 859 589 629 461 651 559 514 391 825 373 280 421 445 484 813 788 861 799 773 402 612 772 592 133 915 774 74 218 579 0 
99
80
66
2
67
17
8
20
91
49
73
92
75
97
63
18
56
14
13
24
53
98
62
97
40
18
74
70
36
99
54
96
30
16
51
52
46
58
59
99
89
78
72
18
65
49
44
11
28
36
12
51
47
13
