15
0 658 740 920 684 980 493 345 780 281 221 702 728 594 824 
658 0 467 689 26 534 741 323 123 513 437 402 870 474 488 
740 467 0 229 468 265 483 466 484 464 568 65 491 160 89 
920 689 229 0 687 296 554 683 689 639 773 294 455 330 206 
684 26 468 687 0 522 758 348 97 535 463 404 882 484 484 
980 534 265 296 522 0 745 668 486 715 786 281 716 424 178 
493 741 483 554 758 745 0 488 826 290 480 492 235 337 567 
345 323 466 683 348 668 488 0 442 211 126 411 676 363 536 
780 123 484 689 97 486 826 442 0 621 559 424 930 529 483 
281 513 464 639 535 715 290 211 621 0 191 434 503 314 551 
221 437 568 773 463 786 480 126 559 191 0 520 694 444 645 
702 402 65 294 404 281 492 411 424 434 520 0 529 156 125 
728 870 491 455 882 716 235 676 930 503 694 529 0 401 554 
594 474 160 330 484 424 337 363 529 314 444 156 401 0 249 
824 488 89 206 484 178 567 536 483 551 645 125 554 249 0 
26
82
2
2
68
50
58
27
45
22
71
8
7
53
