15
0 139 287 332 234 72 726 361 473 399 230 398 267 391 534 
139 0 426 256 351 75 856 299 605 442 317 460 333 528 555 
287 426 0 562 202 354 463 570 242 441 291 398 323 119 584 
332 256 562 0 566 270 903 52 786 327 556 377 301 628 381 
234 351 202 566 0 302 654 591 265 561 93 536 425 318 706 
72 75 354 270 302 0 781 303 545 392 286 402 271 453 516 
726 856 463 903 654 781 0 888 498 626 746 562 602 344 708 
361 299 570 52 591 303 888 0 801 292 588 347 287 628 334 
473 605 242 786 265 545 498 801 0 682 343 635 565 267 822 
399 442 441 327 561 392 626 292 682 0 604 64 138 443 145 
230 317 291 556 93 286 746 588 343 604 0 587 466 408 746 
398 460 398 377 536 402 562 347 635 64 587 0 131 388 187 
267 333 323 301 425 271 602 287 565 138 466 131 0 352 281 
391 528 119 628 318 453 344 628 267 443 408 388 352 0 574 
534 555 584 381 706 516 708 334 822 145 746 187 281 574 0 
89
69
69
6
90
33
32
72
57
71
70
53
46
9
