40
0 340 902 919 568 570 931 998 568 566 268 497 813 451 1058 799 693 401 300 992 627 756 613 993 177 181 588 357 471 686 585 796 686 610 1015 562 596 247 712 402 
340 0 582 581 437 350 701 659 345 355 90 277 474 526 726 471 377 279 84 654 387 417 328 762 192 317 531 365 158 353 400 456 366 505 675 432 441 233 373 356 
902 582 0 158 540 696 374 231 406 423 636 448 297 831 473 119 477 577 656 364 675 316 305 399 727 802 667 904 537 396 766 280 217 587 266 542 500 804 252 654 
919 581 158 0 649 610 532 92 499 519 652 523 172 923 315 148 373 648 642 206 578 214 380 557 752 847 781 857 495 305 678 167 260 705 123 650 613 780 208 734 
568 437 540 649 0 770 389 741 157 135 401 180 658 302 926 501 695 176 511 822 793 624 280 448 417 397 134 781 549 625 829 632 403 71 772 6 42 634 520 174 
570 350 696 610 770 0 949 649 645 662 426 593 442 873 585 580 242 626 311 565 61 396 574 1002 501 633 876 306 222 306 70 444 532 840 648 765 764 328 445 706 
931 701 374 532 389 949 0 602 368 367 708 440 642 675 847 431 778 532 785 738 947 640 382 62 762 776 462 1066 740 693 1018 618 423 388 637 395 350 932 540 561 
998 659 231 92 741 649 602 0 591 611 732 614 209 1015 252 240 407 739 715 153 610 264 472 622 835 933 872 914 559 354 713 216 351 795 35 742 704 847 286 825 
568 345 406 499 157 645 368 591 0 22 340 72 501 427 769 351 545 183 427 666 661 467 123 430 395 427 291 708 423 471 709 475 247 224 621 157 132 569 363 249 
566 355 423 519 135 662 367 611 22 0 346 78 523 408 791 371 566 174 436 687 679 489 145 429 395 420 269 717 440 493 725 497 268 202 642 135 111 575 385 234 
268 90 636 652 401 426 708 732 340 346 0 268 556 447 813 531 467 229 120 737 468 500 356 770 104 227 478 380 248 441 470 537 419 464 751 395 413 233 446 291 
497 277 448 523 180 593 440 614 72 78 268 0 500 402 771 377 516 129 358 674 614 459 145 502 323 363 304 639 371 450 655 474 263 251 642 177 171 497 362 211 
813 474 297 172 658 442 642 209 501 523 556 500 0 898 272 211 202 612 520 182 407 58 378 679 660 772 792 705 357 145 508 26 260 722 214 658 629 644 138 704 
451 526 831 923 302 873 675 1015 427 408 447 402 898 0 1170 775 877 286 565 1074 913 852 543 730 388 279 217 772 679 826 916 873 664 287 1043 298 344 627 761 194 
1058 726 473 315 926 585 847 252 769 791 813 771 272 1170 0 441 372 884 758 109 531 320 646 870 917 1035 1060 886 587 373 633 297 523 988 219 926 895 860 409 976 
799 471 119 148 501 580 431 240 351 371 531 377 211 775 441 0 368 504 542 332 561 214 232 469 627 712 634 785 418 284 650 188 118 558 271 502 466 688 135 587 
693 377 477 373 695 242 778 407 545 566 467 516 202 877 372 368 0 596 393 330 205 162 440 824 568 694 820 522 224 85 306 206 356 765 406 692 677 488 239 688 
401 279 577 648 176 626 532 739 183 174 229 129 612 286 884 504 596 0 344 789 658 566 274 594 242 246 252 608 415 541 679 587 388 235 766 170 197 459 476 93 
300 84 656 642 511 311 785 715 427 436 120 358 520 565 758 542 393 344 0 695 358 462 411 846 191 323 596 281 171 387 351 505 442 576 728 505 518 151 434 411 
992 654 364 206 822 565 738 153 666 687 737 674 182 1074 109 332 330 789 695 0 516 237 543 763 841 954 956 852 526 308 620 205 419 883 126 822 790 810 313 881 
627 387 675 578 793 61 947 610 661 679 468 614 407 913 531 561 205 658 358 516 0 366 580 998 549 681 904 366 244 279 104 411 525 864 606 789 784 387 427 741 
756 417 316 214 624 396 640 264 467 489 500 459 58 852 320 214 162 566 462 237 366 0 347 681 604 717 757 650 299 91 464 48 237 691 271 623 598 586 108 658 
613 328 305 380 280 574 382 472 123 145 356 145 378 543 646 232 440 274 411 543 580 347 0 441 436 498 414 688 359 362 642 352 124 344 501 280 251 561 241 355 
993 762 399 557 448 1002 62 622 430 429 770 502 679 730 870 469 824 594 846 763 998 681 441 0 824 837 515 1127 796 739 1072 657 473 443 657 454 410 993 585 621 
177 192 727 752 417 501 762 835 395 395 104 323 660 388 917 627 568 242 191 841 549 604 436 824 0 132 466 390 345 545 536 641 512 470 854 411 439 241 549 271 
181 317 802 847 397 633 776 933 427 420 227 363 772 279 1035 712 694 246 323 954 681 717 498 837 132 0 407 495 474 665 666 750 594 433 956 391 430 354 651 225 
588 531 667 781 134 876 462 872 291 269 478 304 792 217 1060 634 820 252 596 956 904 757 414 515 466 407 0 850 660 753 931 766 537 82 904 134 168 700 654 195 
357 365 904 857 781 306 1066 914 708 717 380 639 705 772 886 785 522 608 281 852 366 650 688 1127 390 495 850 0 367 560 283 698 701 843 919 775 793 150 660 657 
471 158 537 495 549 222 740 559 423 440 248 371 357 679 587 418 224 415 171 526 244 299 359 796 345 474 660 367 0 218 286 344 341 620 568 545 542 288 293 500 
686 353 396 305 625 306 693 354 471 493 441 450 145 826 373 284 85 541 387 308 279 91 362 739 545 665 753 560 218 0 374 139 272 694 359 623 603 503 154 634 
585 400 766 678 829 70 1018 713 709 725 470 655 508 916 633 650 306 679 351 620 104 464 642 1072 536 666 931 283 286 374 0 511 602 899 710 824 826 338 515 756 
796 456 280 167 632 444 618 216 475 497 537 474 26 873 297 188 206 587 505 205 411 48 352 657 641 750 766 698 344 139 511 0 234 696 224 632 603 632 112 679 
686 366 217 260 403 532 423 351 247 268 419 263 260 664 523 118 356 388 442 419 525 237 124 473 512 594 537 701 341 272 602 234 0 465 379 403 372 592 129 474 
610 505 587 705 71 840 388 795 224 202 464 251 722 287 988 558 765 235 576 883 864 691 344 443 470 433 82 843 620 694 899 696 465 0 828 75 93 694 585 208 
1015 675 266 123 772 648 637 35 621 642 751 642 214 1043 219 271 406 766 728 126 606 271 501 657 854 956 904 919 568 359 710 224 379 828 0 773 736 856 305 853 
562 432 542 650 6 765 395 742 157 135 395 177 658 298 926 502 692 170 505 822 789 623 280 454 411 391 134 775 545 623 824 632 403 75 773 0 47 628 520 168 
596 441 500 613 42 764 350 704 132 111 413 171 629 344 895 466 677 197 518 790 784 598 251 410 439 430 168 793 542 603 826 603 372 93 736 47 0 646 492 211 
247 233 804 780 634 328 932 847 569 575 233 497 644 627 860 688 488 459 151 810 387 586 561 993 241 354 700 150 288 503 338 632 592 694 856 628 646 0 574 507 
712 373 252 208 520 445 540 286 363 385 446 362 138 761 409 135 239 476 434 313 427 108 241 585 549 651 654 660 293 154 515 112 129 585 305 520 492 574 0 568 
402 356 654 734 174 706 561 825 249 234 291 211 704 194 976 587 688 93 411 881 741 658 355 621 271 225 195 657 500 634 756 679 474 208 853 168 211 507 568 0 
32
3
54
78
14
25
99
78
71
31
10
54
79
94
43
99
75
45
54
69
99
82
91
84
72
40
66
9
82
38
2
35
57
94
41
35
46
39
94
