15
0 633 650 786 872 258 578 925 775 326 618 716 367 909 765 
633 0 462 467 280 535 149 292 598 825 53 383 571 309 186 
650 462 0 154 714 404 575 641 150 634 409 828 333 732 399 
786 467 154 0 676 550 604 574 171 788 417 850 486 686 345 
872 280 714 676 0 810 295 159 832 1097 325 328 851 38 331 
258 535 404 550 810 0 545 818 520 291 501 756 115 843 613 
578 149 575 604 295 545 0 377 720 820 190 253 608 332 334 
925 292 641 574 159 818 377 0 740 1109 317 478 838 144 242 
775 598 150 171 832 520 720 740 0 708 545 973 428 845 504 
326 825 634 788 1097 291 820 1109 708 0 792 1006 304 1130 902 
618 53 409 417 325 501 190 317 545 792 0 433 529 352 164 
716 383 828 850 328 756 253 478 973 1006 433 0 836 359 546 
367 571 333 486 851 115 608 838 428 304 529 836 0 880 614 
909 309 732 686 38 843 332 144 845 1130 352 359 880 0 342 
765 186 399 345 331 613 334 242 504 902 164 546 614 342 0 
11
79
6
76
9
43
49
21
12
56
54
94
16
84
