30
0 692 356 25 492 434 58 772 624 279 649 151 685 533 716 190 715 254 433 405 475 804 552 391 371 319 435 813 784 507 
692 0 550 712 209 314 713 436 122 503 54 755 686 768 509 633 179 595 521 700 616 592 263 304 757 878 752 470 289 579 
356 550 0 359 353 238 328 829 439 107 532 302 883 806 825 473 661 503 611 680 694 924 309 362 207 672 206 873 764 702 
25 712 359 0 511 449 41 797 643 288 670 133 707 552 741 212 739 278 457 424 497 828 566 413 359 324 425 838 808 531 
492 209 353 511 0 117 508 509 134 295 180 546 662 679 538 465 309 443 431 583 532 635 145 135 557 714 559 552 416 511 
434 314 238 449 117 0 438 617 211 194 294 460 736 719 634 453 426 448 483 609 581 733 119 180 443 696 442 661 533 571 
58 713 328 41 508 438 0 819 637 266 673 93 743 591 768 248 749 312 488 463 533 857 553 419 318 363 385 861 823 564 
772 436 829 797 509 617 819 0 529 738 400 898 334 522 120 614 259 547 369 530 404 165 641 467 1007 789 1030 44 172 349 
624 122 439 643 134 211 637 529 0 405 132 668 740 788 585 598 285 572 537 702 637 676 142 264 646 847 636 568 398 609 
279 503 107 288 295 194 266 738 405 0 475 270 776 699 726 371 590 397 504 574 587 825 297 272 272 584 293 782 687 595 
649 54 532 670 180 294 673 400 132 475 0 720 637 714 466 582 153 543 467 646 562 553 264 258 737 826 736 438 266 526 
151 755 302 133 546 460 93 898 668 270 720 0 835 684 853 341 809 404 577 556 625 944 567 475 240 441 311 941 890 655 
685 686 883 707 662 736 743 334 740 776 637 835 0 232 214 495 539 431 273 310 210 214 807 556 1012 570 1056 341 491 183 
533 768 806 552 679 719 591 522 788 699 714 684 232 0 406 348 661 304 251 129 152 438 815 549 892 348 948 540 648 194 
716 509 825 741 538 634 768 120 585 726 466 853 214 406 0 544 344 475 290 428 302 99 679 466 988 694 1019 134 280 248 
190 633 473 212 465 453 248 614 598 371 582 341 495 348 544 0 609 69 254 219 285 625 568 334 544 249 601 652 657 321 
715 179 661 739 309 426 749 259 285 590 153 809 539 661 344 609 0 556 433 619 514 420 415 334 860 837 867 292 113 467 
254 595 503 278 443 448 312 547 572 397 543 404 431 304 475 69 556 0 185 177 221 556 559 308 594 284 646 585 597 253 
433 521 611 457 431 483 488 369 537 504 467 577 273 251 290 254 433 185 0 186 101 372 571 306 741 424 784 404 446 91 
405 700 680 424 583 609 463 530 702 574 646 556 310 129 428 219 619 177 186 0 126 486 713 449 763 267 819 558 628 181 
475 616 694 497 532 581 533 404 637 587 562 625 210 152 302 285 514 221 101 126 0 363 671 406 809 392 857 432 511 55 
804 592 924 828 635 733 857 165 676 825 553 944 214 438 99 625 420 556 372 486 363 0 775 565 1085 753 1117 150 337 313 
552 263 309 566 145 119 553 641 142 297 264 567 807 815 679 568 415 559 571 713 671 775 0 266 515 813 499 682 528 654 
391 304 362 413 135 180 419 467 264 272 258 475 556 549 466 334 334 308 306 449 406 565 266 0 543 583 563 511 421 392 
371 757 207 359 557 443 318 1007 646 272 737 240 1012 892 988 544 860 594 741 763 809 1085 515 543 0 680 73 1051 959 829 
319 878 672 324 714 696 363 789 847 584 826 441 570 348 694 249 837 284 424 267 392 753 813 583 680 0 748 821 867 446 
435 752 206 425 559 442 385 1030 636 293 736 311 1056 948 1019 601 867 646 784 819 857 1117 499 563 73 748 0 1074 970 873 
813 470 873 838 552 661 861 44 568 782 438 941 341 540 134 652 292 585 404 558 432 150 682 511 1051 821 1074 0 195 377 
784 289 764 808 416 533 823 172 398 687 266 890 491 648 280 657 113 597 446 628 511 337 528 421 959 867 970 195 0 459 
507 579 702 531 511 571 564 349 609 595 526 655 183 194 248 321 467 253 91 181 55 313 654 392 829 446 873 377 459 0 
22
18
20
38
96
77
69
66
100
96
10
43
75
87
71
76
7
12
86
80
38
46
9
40
30
65
15
93
43
