12
0 941 739 337 328 773 1045 473 509 642 854 749 
941 0 548 747 749 649 106 471 648 340 459 478 
739 548 0 412 762 105 635 409 793 297 145 70 
337 747 412 0 477 436 853 310 595 408 539 433 
328 749 762 477 0 833 842 367 184 543 831 740 
773 649 105 436 833 0 733 495 879 399 214 172 
1045 106 635 853 842 733 0 577 727 445 532 565 
473 471 409 310 367 495 577 0 384 181 464 378 
509 648 793 595 184 879 727 384 0 526 831 756 
642 340 297 408 543 399 445 181 526 0 305 244 
854 459 145 539 831 214 532 464 831 305 0 106 
749 478 70 433 740 172 565 378 756 244 106 0 
38
72
13
44
13
35
94
18
74
100
50
