70
0 657 740 920 683 980 492 345 779 281 221 702 727 593 822 443 213 853 1050 955 780 294 543 464 646 529 319 219 480 556 101 365 389 616 423 221 1172 1074 570 970 868 835 591 156 813 513 592 443 784 238 429 344 549 906 407 524 618 934 898 657 687 424 1043 631 893 1139 945 112 688 604 
657 0 466 688 26 534 740 323 123 513 437 401 870 474 488 681 597 647 763 373 460 396 280 391 147 764 373 438 708 488 637 373 300 632 363 437 933 801 201 572 272 861 354 502 804 171 815 468 667 520 826 475 114 569 299 671 364 594 293 188 413 238 795 915 381 886 781 569 572 884 
740 466 0 229 468 265 482 465 484 464 567 65 491 160 89 454 555 181 334 386 53 468 248 276 319 484 448 579 456 204 659 387 597 275 326 568 488 366 295 238 375 427 164 639 367 547 504 303 213 504 630 398 492 166 618 384 138 194 399 279 62 449 348 609 272 446 315 628 155 585 
920 688 229 0 686 295 554 683 689 639 772 294 455 330 206 551 717 67 136 515 228 673 475 477 542 539 656 786 536 364 829 593 823 337 533 773 263 155 524 228 544 329 387 840 276 776 531 477 161 682 711 576 721 154 844 462 363 147 559 501 291 675 125 620 405 223 110 810 233 607 
683 26 468 686 0 522 757 348 97 535 463 404 882 484 484 699 621 648 757 352 458 420 292 408 150 781 397 464 725 500 662 395 326 644 382 463 927 795 213 562 251 868 363 528 811 196 830 484 671 544 847 496 140 563 324 686 371 588 272 190 416 263 791 932 367 880 782 594 579 901 
980 534 265 295 522 0 744 668 485 714 785 281 716 424 178 719 810 311 284 242 213 692 443 518 415 743 668 795 719 468 907 615 763 529 557 786 449 321 447 68 305 613 389 860 555 673 756 560 406 751 895 648 608 149 776 646 363 148 308 380 299 624 337 857 159 402 404 868 403 837 
492 740 482 554 757 744 0 488 825 290 480 492 235 337 566 65 291 492 687 845 535 419 472 350 631 37 426 494 32 297 391 389 648 221 379 481 761 698 548 704 802 358 435 506 352 699 101 273 393 320 157 286 685 616 675 98 446 636 832 610 470 552 658 179 741 739 532 419 346 148 
345 323 465 683 348 668 488 0 442 211 126 411 676 363 536 423 281 621 799 612 494 77 226 214 302 519 62 132 458 345 314 108 167 469 156 126 946 830 230 673 524 720 301 200 678 220 581 255 587 205 534 202 228 624 194 449 328 653 554 315 404 86 808 667 560 906 741 248 479 635 
779 123 484 689 97 485 825 442 0 620 559 424 929 529 483 768 709 657 743 284 464 512 353 475 195 846 487 560 793 552 756 479 423 691 459 559 913 781 277 535 189 902 408 625 843 291 892 552 695 632 924 576 237 552 419 748 411 574 200 224 440 357 783 996 326 866 791 689 613 966 
281 513 464 639 535 714 290 211 620 0 191 433 503 313 550 226 98 572 769 728 509 135 305 198 445 326 149 205 265 275 195 141 362 345 175 192 892 793 358 699 656 582 328 229 552 430 390 163 506 43 323 66 432 630 389 278 353 657 687 441 417 289 762 465 650 858 667 172 407 434 
221 437 567 772 463 785 480 126 559 191 0 518 694 443 642 416 215 708 895 738 600 99 342 295 428 516 119 14 455 416 207 180 197 518 241 1 1034 923 356 787 650 764 406 75 728 304 580 309 660 160 488 221 332 730 222 467 433 759 680 441 509 203 897 651 685 995 818 135 553 620 
702 401 65 294 404 281 492 411 424 433 518 0 529 155 125 455 529 246 394 356 83 421 188 238 254 498 399 530 462 197 627 341 537 300 280 519 552 427 230 269 330 480 112 592 420 482 526 280 271 471 631 367 427 213 557 396 85 242 357 214 22 389 412 632 249 508 380 590 195 607 
727 870 491 455 882 716 235 676 929 503 694 529 0 400 554 287 522 412 571 877 538 618 590 491 737 198 619 708 248 382 626 568 843 238 538 695 597 568 669 660 859 155 521 730 185 868 142 425 311 540 352 479 840 569 870 228 520 579 886 705 508 723 525 181 762 588 391 650 336 181 
593 474 160 330 484 424 337 363 529 313 443 155 400 0 249 300 401 265 458 509 211 344 198 150 337 345 329 457 307 44 508 265 519 162 208 444 591 484 274 397 472 389 121 510 337 503 377 150 224 355 476 249 462 320 542 242 120 346 501 305 133 375 455 483 404 553 378 483 116 457 
822 488 89 206 484 178 566 536 483 550 642 125 554 249 0 541 643 182 279 332 42 545 311 358 345 566 523 654 541 293 745 465 658 353 404 643 445 315 343 149 343 470 236 716 410 592 582 391 253 590 717 484 532 89 675 468 209 118 362 304 135 510 307 685 216 399 310 710 228 663 
443 681 454 551 699 719 65 423 768 226 416 455 287 300 541 0 235 487 687 804 507 354 417 293 576 100 361 430 39 258 342 324 583 214 318 417 773 700 491 684 755 394 388 445 379 634 164 216 393 257 176 221 622 598 610 92 402 620 785 557 433 487 662 244 703 749 543 363 330 212 
213 597 555 717 621 810 291 281 709 98 215 529 522 401 643 235 0 650 851 826 603 204 403 296 540 328 225 227 274 360 114 234 409 403 273 216 964 872 454 792 754 622 426 221 600 499 392 252 576 77 273 163 508 720 436 311 450 746 785 538 512 365 839 449 748 933 736 128 484 419 
853 647 181 67 648 311 492 621 657 572 708 246 412 265 182 487 650 0 202 510 193 609 419 413 500 480 593 722 473 297 762 529 766 273 470 709 326 222 473 249 525 302 330 775 244 725 476 410 104 615 649 509 671 162 787 398 307 167 544 459 239 618 191 568 396 288 134 743 166 553 
1050 763 334 136 757 284 687 799 743 769 895 394 571 458 279 687 851 202 0 525 315 796 582 600 623 671 778 909 670 494 963 715 931 473 655 896 170 38 621 218 577 430 498 965 387 871 660 607 294 812 844 706 811 195 951 597 472 169 586 582 396 783 61 743 429 123 183 940 368 733 
955 373 386 515 352 242 845 612 284 728 738 356 877 509 332 804 826 510 525 0 340 662 423 539 312 854 636 744 815 548 904 600 657 656 553 738 691 562 385 307 101 802 419 812 742 539 882 604 585 755 977 669 475 361 661 751 402 373 84 298 378 544 577 988 116 644 625 849 541 963 
780 460 53 228 458 213 535 494 464 509 600 83 538 211 42 507 603 193 315 340 0 503 270 316 314 537 481 612 509 255 704 423 618 327 362 601 478 349 306 190 339 464 194 674 404 556 556 351 247 548 683 443 498 130 636 437 167 159 360 273 93 470 338 661 224 433 327 668 205 637 
294 396 468 673 420 692 419 77 512 135 99 421 618 344 545 354 204 609 796 662 503 0 251 196 357 453 26 113 392 319 247 81 229 428 142 100 935 824 277 690 578 677 309 171 638 297 516 215 563 128 458 139 304 633 256 390 336 662 609 364 411 161 798 598 599 896 721 187 456 566 
543 280 248 475 292 443 472 226 353 305 342 188 590 198 311 417 403 419 582 423 270 251 0 125 159 493 226 352 440 208 484 179 349 353 130 343 736 614 79 447 353 587 89 417 535 310 539 201 411 332 578 246 264 400 370 395 112 429 384 142 186 201 596 643 350 694 548 433 307 613 
464 391 276 477 408 518 350 214 475 198 295 238 491 150 358 293 296 413 600 539 316 196 125 0 283 373 180 309 318 131 389 116 375 266 58 296 739 628 198 506 475 515 130 365 468 378 424 77 373 233 453 133 349 442 399 280 155 470 506 267 223 238 602 524 453 700 528 352 265 493 
646 147 319 542 150 415 631 302 195 445 428 254 737 337 345 576 540 500 623 312 314 357 159 283 0 651 331 433 599 357 604 306 355 499 273 428 790 660 87 443 222 718 216 501 661 258 697 360 521 464 736 392 194 429 364 553 222 456 252 41 266 232 652 801 278 744 634 544 429 771 
529 764 484 539 781 743 37 519 846 326 516 498 198 345 566 100 328 480 671 854 537 453 493 373 651 0 458 530 61 308 428 419 682 214 406 517 737 680 570 699 814 326 450 543 325 729 64 297 378 357 176 317 713 610 709 103 458 629 844 628 476 582 639 151 747 718 511 456 340 120 
319 373 448 656 397 668 426 62 487 149 119 399 619 329 523 361 225 593 778 636 481 26 226 180 331 458 0 131 397 306 273 64 224 421 123 120 919 806 251 668 552 672 287 193 631 281 520 207 550 148 472 141 284 611 251 392 314 640 583 338 390 141 781 605 574 879 707 213 443 573 
219 438 579 786 464 795 494 132 560 205 14 530 708 457 654 430 227 722 909 744 612 113 352 309 433 530 131 0 469 430 212 194 189 532 254 13 1048 937 362 798 655 778 418 68 742 301 594 323 674 174 500 235 331 742 214 481 445 771 685 447 521 206 911 665 692 1009 832 140 567 634 
480 708 456 536 725 719 32 458 793 265 455 462 248 307 541 39 274 473 670 815 509 392 440 318 599 61 397 469 0 267 379 358 621 200 347 456 750 683 516 680 771 359 404 484 349 668 125 241 376 296 178 256 654 592 648 75 415 612 801 578 440 521 643 210 711 727 520 402 322 179 
556 488 204 364 500 468 297 345 552 275 416 197 382 44 293 258 360 297 494 548 255 319 208 131 357 308 306 430 267 0 469 242 506 145 189 417 621 518 287 441 506 387 144 480 338 502 345 113 244 318 434 212 465 362 530 205 150 388 536 328 176 367 488 451 445 585 402 446 137 423 
101 637 659 829 662 907 391 314 756 195 207 627 626 508 745 342 114 762 963 904 704 247 484 389 604 428 273 212 379 469 0 305 400 517 356 208 1077 984 522 894 824 734 519 173 713 511 491 358 689 156 337 261 536 825 424 423 544 852 855 608 612 400 951 534 834 1047 850 72 596 506 
365 373 387 593 395 615 389 108 479 141 180 341 568 265 465 324 234 529 715 600 423 81 179 116 306 419 64 194 358 242 305 0 275 361 61 181 855 743 220 610 521 612 229 252 571 310 478 147 486 158 455 105 300 552 302 343 256 581 552 305 330 163 718 568 529 816 643 254 379 536 
389 300 597 823 326 763 648 167 423 362 197 537 843 519 658 583 409 766 931 657 618 229 349 375 355 682 224 189 621 506 400 275 0 636 317 196 1085 963 318 781 558 887 436 235 842 133 744 422 743 344 678 365 187 747 27 616 461 776 584 385 535 148 945 827 633 1043 893 328 635 795 
616 632 275 337 644 529 221 469 691 345 518 300 238 162 353 214 403 273 473 656 327 428 353 266 499 214 421 532 200 145 517 361 636 0 319 519 565 487 431 485 629 251 283 571 210 643 229 214 180 388 378 297 609 396 662 125 282 415 657 467 278 504 449 334 545 538 335 516 126 310 
423 363 326 533 382 557 379 156 459 175 241 280 538 208 404 318 273 470 655 553 362 142 130 58 273 406 123 254 347 189 356 61 317 319 0 242 796 683 186 549 481 570 168 313 525 330 461 113 431 203 465 119 307 491 343 319 195 520 512 267 269 186 658 557 478 756 586 311 323 526 
221 437 568 773 463 786 481 126 559 192 1 519 695 444 643 417 216 709 896 738 601 100 343 296 428 517 120 13 456 417 208 181 196 519 242 0 1035 924 356 787 650 765 407 75 729 304 581 310 661 161 489 222 331 731 221 468 434 760 680 441 510 203 898 652 685 996 819 136 554 621 
1172 933 488 263 927 449 761 946 913 892 1034 552 597 591 445 773 964 326 170 691 478 935 736 739 790 737 919 1048 750 621 1077 855 1085 565 796 1035 0 132 782 386 746 442 650 1101 418 1034 711 733 388 935 913 832 976 364 1106 681 625 339 754 749 550 937 140 777 598 47 230 1064 485 774 
1074 801 366 155 795 321 698 830 781 793 923 427 568 484 315 700 872 222 38 562 349 824 614 628 660 680 806 937 683 518 984 743 963 487 683 924 132 0 655 256 615 423 530 993 383 905 664 631 307 836 855 730 847 232 984 610 503 207 624 619 428 815 43 744 467 85 177 964 388 736 
570 201 295 524 213 447 548 230 277 358 356 230 669 274 343 491 454 473 621 385 306 277 79 198 87 570 251 362 516 287 522 220 318 431 186 356 782 655 0 463 302 663 157 430 608 252 617 275 477 378 649 305 198 432 333 473 172 460 333 87 234 177 642 721 330 738 607 464 378 690 
970 572 238 228 562 68 704 673 535 699 787 269 660 397 149 684 792 249 218 307 190 690 447 506 443 699 668 798 680 441 894 610 781 485 549 787 386 256 463 0 361 550 381 861 493 700 709 540 349 738 858 633 637 91 796 606 354 82 368 405 283 638 270 807 213 339 336 858 359 789 
868 272 375 544 251 305 802 524 189 656 650 330 859 472 343 755 754 525 577 101 339 578 353 475 222 814 552 655 771 506 824 521 558 629 481 650 746 615 302 361 0 802 367 723 742 438 849 546 586 679 925 599 375 395 561 711 356 413 31 216 352 451 623 955 148 699 652 765 525 929 
835 861 427 329 868 613 358 720 902 582 764 480 155 389 470 394 622 302 430 802 464 677 587 515 718 326 672 778 359 387 734 612 887 251 570 765 442 423 663 550 802 0 507 811 60 889 284 465 217 623 496 543 851 464 913 311 497 468 824 681 462 753 380 336 686 435 247 745 289 336 
591 354 164 387 363 389 435 301 408 328 406 112 521 121 236 388 426 330 498 419 194 309 89 130 216 450 287 418 404 144 519 229 436 283 168 407 650 530 157 381 367 507 0 480 451 399 489 186 322 363 560 263 352 324 457 347 27 353 397 184 103 288 510 595 326 608 459 479 221 566 
156 502 639 840 528 860 506 200 625 229 75 592 730 510 716 445 221 775 965 812 674 171 417 365 501 543 193 68 484 480 173 252 235 571 313 75 1101 993 430 861 723 811 480 0 780 357 607 369 721 190 490 274 393 804 255 506 507 833 753 515 582 273 965 670 760 1063 882 104 617 639 
813 804 367 276 811 555 352 678 843 552 728 420 185 337 410 379 600 244 387 742 404 638 535 468 661 325 631 742 349 338 713 571 842 210 525 729 418 383 608 493 742 60 451 780 0 839 293 424 157 594 500 507 799 406 867 291 440 411 764 624 403 705 340 362 626 405 206 719 232 356 
513 171 547 776 196 673 699 220 291 430 304 482 868 503 592 634 499 725 871 539 556 297 310 378 258 729 281 301 668 502 511 310 133 643 330 304 1034 905 252 700 438 889 399 357 839 0 788 443 720 425 753 414 65 679 128 649 419 707 462 295 486 147 894 878 530 989 857 439 616 846 
592 815 504 531 830 756 101 581 892 390 580 526 142 377 582 164 392 476 660 882 556 516 539 424 697 64 520 594 125 345 491 478 744 229 461 581 711 664 617 709 849 284 489 607 293 788 0 350 372 421 212 379 768 618 771 144 495 633 878 671 504 641 622 106 774 696 490 520 354 81 
443 468 303 477 484 560 273 255 552 163 309 280 425 150 391 216 252 410 607 604 351 215 201 77 360 297 207 323 241 113 358 147 422 214 113 310 733 631 275 540 546 465 186 369 424 443 350 0 352 205 379 99 419 468 449 207 206 494 577 342 261 298 601 448 512 698 513 333 248 417 
784 667 213 161 671 406 393 587 695 506 660 271 311 224 253 393 576 104 294 585 247 563 411 373 521 378 550 674 376 244 689 486 743 180 431 661 388 307 477 349 586 217 322 721 157 720 372 352 0 549 550 449 674 258 766 303 305 268 607 482 256 599 269 464 469 359 161 678 108 449 
238 520 504 682 544 751 320 205 632 43 160 471 540 355 590 257 77 615 812 755 548 128 332 233 464 357 148 174 296 318 156 158 344 388 203 161 935 836 378 738 679 623 363 190 594 425 421 205 549 0 334 106 432 670 371 316 388 697 710 463 456 289 805 491 681 901 710 129 450 460 
429 826 630 711 847 895 157 534 924 323 488 631 352 476 717 176 273 649 844 977 683 458 578 453 736 176 472 500 178 434 337 455 678 378 465 489 913 855 649 858 925 496 560 490 500 753 212 379 550 334 0 351 754 770 705 253 575 790 956 720 609 612 815 210 879 894 687 389 500 187 
344 475 398 576 496 648 286 202 576 66 221 367 479 249 484 221 163 509 706 669 443 139 246 133 392 317 141 235 256 212 261 105 365 297 119 222 832 730 305 633 599 543 263 274 507 414 379 99 449 106 351 0 405 564 392 251 287 591 630 386 351 267 700 465 586 797 610 234 347 433 
549 114 492 721 140 608 685 228 237 432 332 427 840 462 532 622 508 671 811 475 498 304 264 349 194 713 284 331 654 465 536 300 187 609 307 331 976 847 198 637 375 851 352 393 799 65 768 419 674 432 754 405 0 619 187 626 369 647 399 232 432 143 836 864 465 931 805 466 571 833 
906 569 166 154 563 149 616 624 552 630 730 213 569 320 89 598 720 162 195 361 130 633 400 442 429 610 611 742 592 362 825 552 747 396 491 731 364 232 432 91 395 464 324 804 406 679 618 468 258 670 770 564 619 0 764 518 297 29 409 388 222 599 231 716 252 317 264 794 270 698 
407 299 618 844 324 776 675 194 419 389 222 557 870 542 675 610 436 787 951 661 636 256 370 399 364 709 251 214 648 530 424 302 27 662 343 221 1106 984 333 796 561 913 457 255 867 128 771 449 766 371 705 392 187 764 0 643 482 793 586 396 556 169 966 854 642 1064 914 352 658 822 
524 671 384 462 686 646 98 449 748 278 467 396 228 242 468 92 311 398 597 751 437 390 395 280 553 103 392 481 75 205 423 343 616 125 319 468 681 610 473 606 711 311 347 506 291 649 144 207 303 316 253 251 626 518 643 0 355 538 741 528 374 502 571 248 645 657 451 434 248 219 
618 364 138 363 371 363 446 328 411 353 433 85 520 120 209 402 450 307 472 402 167 336 112 155 222 458 314 445 415 150 544 256 461 282 195 434 625 503 172 354 356 497 27 507 440 419 495 206 305 388 575 287 369 297 482 355 0 326 386 187 76 313 485 601 306 583 438 506 208 573 
934 594 194 147 588 148 636 653 574 657 759 242 579 346 118 620 746 167 169 373 159 662 429 470 456 629 640 771 612 388 852 581 776 415 520 760 339 207 460 82 413 468 353 833 411 707 633 494 268 697 790 591 647 29 793 538 326 0 424 415 251 628 210 730 267 292 257 822 290 713 
898 293 399 559 272 308 832 554 200 687 680 357 886 501 362 785 785 544 586 84 360 609 384 506 252 844 583 685 801 536 855 552 584 657 512 680 754 624 333 368 31 824 397 753 764 462 878 577 607 710 956 630 399 409 586 741 386 424 0 247 379 480 633 984 157 707 669 796 551 958 
657 188 279 501 190 380 610 315 224 441 441 214 705 305 304 557 538 459 582 298 273 364 142 267 41 628 338 447 578 328 608 305 385 467 267 441 749 619 87 405 216 681 184 515 624 295 671 342 482 463 720 386 232 388 396 528 187 415 247 0 226 254 611 776 250 703 593 551 392 747 
687 413 62 291 416 299 470 404 440 417 509 22 508 133 135 433 512 239 396 378 93 411 186 223 266 476 390 521 440 176 612 330 535 278 269 510 550 428 234 283 352 462 103 582 403 486 504 261 256 456 609 351 432 222 556 374 76 251 379 226 0 387 410 610 271 508 373 575 175 585 
424 238 449 675 263 624 552 86 357 289 203 389 723 375 510 487 365 618 783 544 470 161 201 238 232 582 141 206 521 367 400 163 148 504 186 203 937 815 177 638 451 753 288 273 705 147 641 298 599 289 612 267 143 599 169 502 313 628 480 254 387 0 797 731 504 895 745 332 491 699 
1043 795 348 125 791 337 658 808 783 762 897 412 525 455 307 662 839 191 61 577 338 798 596 602 652 639 781 911 643 488 951 718 945 449 658 898 140 43 642 270 623 380 510 965 340 894 622 601 269 805 815 700 836 231 966 571 485 210 633 611 410 797 0 701 476 98 134 934 355 693 
631 915 609 620 932 857 179 667 996 465 651 632 181 483 685 244 449 568 743 988 661 598 643 524 801 151 605 665 210 451 534 568 827 334 557 652 777 744 721 807 955 336 595 670 362 878 106 448 464 491 210 465 864 716 854 248 601 730 984 776 610 731 701 0 879 767 567 575 457 32 
893 381 272 405 367 159 741 560 326 650 685 249 762 404 216 703 748 396 429 116 224 599 350 453 278 747 574 692 711 445 834 529 633 545 478 685 598 467 330 213 148 686 326 760 626 530 774 512 469 681 879 586 465 252 642 645 306 267 157 250 271 504 476 879 0 551 515 783 427 855 
1139 886 446 223 880 402 739 906 866 858 995 508 588 553 399 749 933 288 123 644 433 896 694 700 744 718 879 1009 727 585 1047 816 1043 538 756 996 47 85 738 339 699 435 608 1063 405 989 696 698 359 901 894 797 931 317 1064 657 583 292 707 703 508 895 98 767 551 0 207 1030 451 761 
945 781 315 110 782 404 532 741 791 667 818 380 391 378 310 543 736 134 183 625 327 721 548 528 634 511 707 832 520 402 850 643 893 335 586 819 230 177 607 336 652 247 459 882 206 857 490 513 161 710 687 610 805 264 914 451 438 257 669 593 373 745 134 567 515 207 0 839 265 559 
112 569 628 810 594 868 419 248 689 172 135 590 650 483 710 363 128 743 940 849 668 187 433 352 544 456 213 140 402 446 72 254 328 516 311 136 1064 964 464 858 765 745 479 104 719 439 520 333 678 129 389 234 466 794 352 434 506 822 796 551 575 332 934 575 783 1030 839 0 579 546 
688 572 155 233 579 403 346 479 613 407 553 195 336 116 228 330 484 166 368 541 205 456 307 265 429 340 443 567 322 137 596 379 635 126 323 554 485 388 378 359 525 289 221 617 232 616 354 248 108 450 500 347 571 270 658 248 208 290 551 392 175 491 355 457 427 451 265 579 0 435 
604 884 585 607 901 837 148 635 966 434 620 607 181 457 663 212 419 553 733 963 637 566 613 493 771 120 573 634 179 423 506 536 795 310 526 621 774 736 690 789 929 336 566 639 356 846 81 417 449 460 187 433 833 698 822 219 573 713 958 747 585 699 693 32 855 761 559 546 435 0 
16
58
64
63
3
38
82
46
67
38
49
16
7
75
98
72
10
61
44
71
39
42
7
37
14
87
90
82
16
1
53
37
86
76
3
51
43
64
20
56
70
55
11
40
83
91
46
71
63
13
52
97
45
65
49
27
46
85
26
92
18
22
12
96
48
28
40
28
63
