8
0 340 902 919 568 570 931 998 
340 0 582 581 437 350 701 659 
902 582 0 158 540 696 374 231 
919 581 158 0 649 611 532 92 
568 437 540 649 0 770 389 741 
570 350 696 611 770 0 949 650 
931 701 374 532 389 949 0 602 
998 659 231 92 741 650 602 0 
67
30
50
13
69
90
71
