60
0 699 447 337 776 710 850 456 415 848 514 607 575 759 775 709 684 948 184 661 653 590 300 725 1105 424 679 920 854 451 939 501 309 757 62 672 570 743 416 155 469 255 27 785 672 328 237 753 818 1090 801 801 832 1005 404 70 909 682 741 363 
699 0 551 559 198 24 481 274 570 508 595 567 363 104 197 198 467 333 557 462 353 629 438 623 408 522 603 349 548 302 320 583 593 453 643 518 255 580 301 556 357 511 672 573 515 503 540 545 593 414 126 231 133 314 436 703 425 64 621 666 
447 551 0 110 503 574 444 302 692 950 76 831 686 652 722 434 265 646 473 809 739 152 234 939 878 668 898 886 428 514 869 764 623 866 392 848 304 299 303 425 195 503 430 949 846 570 515 316 980 822 677 757 653 776 588 504 540 498 949 149 
337 559 110 0 549 579 538 288 606 906 179 758 631 652 710 479 362 707 374 750 692 256 162 870 918 587 827 874 530 460 865 683 528 818 283 785 335 407 274 324 214 412 320 890 783 484 420 422 922 875 683 744 675 816 514 395 622 515 882 110 
776 198 503 549 0 217 294 320 737 703 523 758 554 280 381 70 331 174 669 659 551 533 481 819 375 691 798 512 368 460 462 762 739 651 714 715 215 433 360 653 336 639 749 771 711 650 667 391 791 326 275 412 197 274 598 796 227 148 819 643 
710 24 574 579 217 0 504 293 566 486 619 555 352 80 173 222 491 344 564 446 337 653 455 607 402 518 588 325 572 302 296 575 593 434 655 503 279 604 318 565 379 516 683 555 499 503 545 569 574 414 104 207 127 311 434 712 444 88 605 687 
850 481 444 538 294 504 0 458 940 989 418 1005 807 573 674 284 179 311 803 923 820 385 558 1081 582 900 1053 806 79 675 753 985 914 931 788 977 330 208 496 770 388 797 827 1047 973 833 821 163 1070 488 569 705 488 501 805 892 132 420 1083 591 
456 274 302 288 320 293 458 0 485 653 363 576 402 364 424 255 343 494 357 526 445 417 169 672 660 447 635 588 493 239 577 537 457 572 395 572 131 448 41 335 119 342 429 666 570 375 367 431 695 636 396 458 398 559 353 477 480 239 678 398 
415 570 692 606 737 566 940 485 0 470 768 195 255 571 532 695 825 898 251 282 325 841 459 310 950 48 264 627 978 277 674 86 107 388 408 273 610 923 452 300 584 195 400 382 274 122 194 913 414 978 613 542 687 871 139 360 943 595 328 689 
848 508 950 906 703 486 989 653 470 0 1015 298 281 425 325 705 955 797 664 190 214 1070 744 239 710 440 261 275 1055 446 349 404 569 91 820 203 718 1069 647 701 772 593 826 132 201 522 612 1039 126 786 444 301 541 673 444 808 928 569 222 1012 
514 595 76 179 523 619 418 363 768 1015 0 905 755 698 775 458 242 652 548 878 805 77 309 1011 897 743 971 937 389 583 915 839 699 932 462 919 342 247 369 500 247 579 499 1018 917 646 591 273 1049 833 721 810 688 797 662 574 527 539 1021 181 
607 567 831 758 758 555 1005 576 195 298 905 0 204 533 463 733 917 899 433 136 232 973 599 118 895 184 72 511 1055 337 571 113 302 231 594 96 684 1024 552 481 689 368 591 191 99 289 376 1005 221 945 570 461 660 831 244 554 981 610 134 852 
575 363 686 631 554 352 807 402 255 281 755 204 0 335 281 531 734 696 392 124 78 817 469 275 709 209 246 375 861 172 419 234 327 190 543 172 496 845 388 424 521 321 552 264 169 259 343 822 294 749 375 288 460 637 174 541 778 406 279 736 
759 104 652 652 280 80 573 364 571 425 698 533 335 0 101 296 571 379 603 412 303 733 521 570 380 523 556 245 644 327 217 568 612 383 707 469 359 683 385 609 457 548 732 506 465 524 577 647 523 414 43 132 127 302 447 755 503 168 566 761 
775 197 722 710 381 173 674 424 532 325 775 463 281 101 0 395 664 472 606 334 231 816 567 486 432 485 478 164 744 326 164 515 589 290 728 390 442 777 437 621 528 544 749 414 386 507 572 742 428 486 119 35 216 371 423 761 604 261 480 820 
709 198 434 479 70 222 284 255 695 705 458 733 531 296 395 0 282 239 610 643 537 473 413 802 444 650 777 538 350 419 496 727 690 647 647 698 145 391 296 590 266 584 683 763 694 602 612 353 786 396 301 428 240 342 556 732 249 136 804 573 
684 467 265 362 331 491 179 343 825 955 242 917 734 571 664 282 0 426 657 856 762 221 404 1008 687 790 975 816 170 580 777 880 784 884 623 906 239 114 374 619 244 663 662 990 903 710 683 88 1016 609 581 698 522 592 696 731 285 403 1013 412 
948 333 646 707 174 344 311 494 898 797 652 899 696 379 472 239 426 0 843 787 678 646 652 947 271 851 931 564 389 622 498 916 908 762 886 844 383 503 534 827 499 811 922 885 840 818 840 458 900 183 353 496 256 194 760 970 186 303 944 792 
184 557 473 374 669 564 803 357 251 664 548 433 392 603 606 610 657 843 0 479 470 625 255 551 965 249 505 744 823 280 768 336 157 573 161 491 487 739 316 51 416 71 162 604 491 147 57 738 637 965 646 629 690 871 220 155 837 554 567 444 
661 462 809 750 659 446 923 526 282 190 878 136 124 412 334 643 856 787 479 0 109 941 588 161 765 250 144 375 980 295 435 223 379 106 637 57 617 968 512 518 645 408 641 140 53 334 424 944 172 820 446 328 539 705 260 619 885 512 161 853 
653 353 739 692 551 337 820 445 325 214 805 232 78 303 231 537 762 678 470 109 0 862 530 270 663 282 253 302 879 232 352 291 404 127 619 166 523 875 436 501 564 399 629 228 162 337 421 849 254 713 339 230 430 599 252 619 778 405 268 798 
590 629 152 256 533 653 385 417 841 1070 77 973 817 733 816 473 221 646 625 941 862 0 382 1078 902 816 1038 977 344 647 949 912 775 989 539 983 375 193 429 577 298 654 576 1081 981 719 667 227 1111 829 752 851 711 804 732 651 504 569 1086 246 
300 438 234 162 481 455 558 169 459 744 309 599 469 521 567 413 404 652 255 588 530 382 0 710 829 434 668 728 573 298 727 530 395 656 238 623 270 484 137 215 171 273 275 728 621 337 288 483 760 802 557 599 566 728 355 335 610 408 721 268 
725 623 939 870 819 607 1081 672 310 239 1011 118 275 570 486 802 1008 947 551 161 270 1078 710 0 910 302 46 494 1136 433 563 226 417 207 712 105 771 1118 651 599 788 486 708 108 108 407 494 1096 128 971 602 475 697 856 357 670 1045 672 19 966 
1105 408 878 918 375 402 582 660 950 710 897 895 709 380 432 444 687 271 965 765 663 902 829 910 0 902 907 437 660 702 362 943 991 705 1047 819 583 772 695 964 704 918 1078 825 815 902 947 727 831 112 337 437 275 102 827 1111 455 423 901 1016 
424 522 668 587 691 518 900 447 48 440 743 184 209 523 485 650 790 851 249 250 282 816 434 302 902 0 256 584 940 231 628 96 129 354 410 249 570 890 416 297 550 185 407 362 250 106 192 877 395 930 565 496 639 823 95 375 899 548 318 675 
679 603 898 827 798 588 1053 635 264 261 971 72 246 556 478 777 975 931 505 144 253 1038 668 46 907 256 0 502 1107 396 568 180 371 213 666 88 738 1083 614 553 751 440 662 137 92 361 448 1063 163 964 590 470 683 849 313 624 1023 650 64 922 
920 349 886 874 512 325 806 588 627 275 937 511 375 245 164 538 816 564 744 375 302 977 728 494 437 584 502 0 879 469 75 590 702 289 876 420 602 928 600 765 692 677 894 398 416 628 704 891 399 521 237 130 320 412 542 899 720 413 482 984 
854 548 428 530 368 572 79 493 978 1055 389 1055 861 644 744 350 170 389 823 980 879 344 573 1136 660 940 1107 879 0 721 829 1028 945 993 793 1032 372 153 528 787 407 825 832 1107 1029 867 847 117 1131 565 642 776 564 580 846 901 207 486 1139 568 
451 302 514 460 460 302 675 239 277 446 583 337 172 327 326 419 580 622 280 295 232 647 298 433 702 231 396 469 721 0 488 310 291 358 407 336 349 687 218 296 355 221 425 435 334 201 250 668 466 716 370 350 429 613 138 435 668 319 441 566 
939 320 869 865 462 296 753 577 674 349 915 571 419 217 164 496 777 498 768 435 352 949 727 563 362 628 568 75 829 488 0 643 741 356 892 483 575 887 594 784 674 705 913 470 480 662 732 848 473 447 197 139 265 339 577 923 661 380 552 975 
501 583 764 683 762 575 985 537 86 404 839 113 234 568 515 727 880 916 336 223 291 912 530 226 943 96 180 590 1028 310 643 0 193 328 494 201 656 982 507 385 643 277 486 304 203 199 279 968 334 982 609 519 691 870 184 446 976 615 244 769 
309 593 623 528 739 593 914 457 107 569 699 302 327 612 589 690 784 908 157 379 404 775 395 417 991 129 371 702 945 291 741 193 0 483 307 376 587 874 418 208 540 122 296 487 377 90 108 869 519 1007 655 604 719 903 166 253 932 606 435 601 
757 453 866 818 651 434 931 572 388 91 932 231 190 383 290 647 884 762 573 106 127 989 656 207 705 354 213 289 993 358 356 328 483 0 729 135 645 997 563 610 691 502 735 124 132 433 522 970 140 770 409 273 506 655 353 719 878 511 196 924 
62 643 392 283 714 655 788 395 408 820 462 594 543 707 728 647 623 886 161 637 619 539 238 712 1047 410 666 876 793 407 892 494 307 729 0 652 508 685 355 119 407 230 39 765 651 308 218 694 798 1029 748 754 776 947 377 112 847 624 728 322 
672 518 848 785 715 503 977 572 273 203 919 96 172 469 390 698 906 844 491 57 166 983 623 105 819 249 88 420 1032 336 483 201 376 135 652 0 668 1017 554 534 691 422 652 113 4 344 435 994 146 876 503 382 596 761 280 624 941 568 107 884 
570 255 304 335 215 279 330 131 610 718 342 684 496 359 442 145 239 383 487 617 523 375 270 771 583 570 738 602 372 349 575 656 587 645 508 668 0 352 171 462 121 473 544 751 665 504 498 327 777 541 379 477 349 481 475 598 350 197 775 434 
743 580 299 407 433 604 208 448 923 1069 247 1024 845 683 777 391 114 503 739 968 875 193 484 1118 772 890 1083 928 153 687 887 982 874 997 685 1017 352 0 475 697 340 752 724 1103 1014 806 771 45 1129 685 692 811 628 683 798 796 337 516 1124 428 
416 301 303 274 360 318 496 41 452 647 369 552 388 385 437 296 374 534 316 512 436 429 137 651 695 416 614 600 528 218 594 507 418 563 355 554 171 475 0 294 137 302 389 652 552 339 327 461 682 674 420 470 429 595 323 436 521 272 659 384 
155 556 425 324 653 565 770 335 300 701 500 481 424 609 621 590 619 827 51 518 501 577 215 599 964 297 553 765 787 296 784 385 208 610 119 534 462 697 294 0 382 113 129 647 534 192 106 698 680 957 651 646 689 868 258 147 811 546 614 393 
469 357 195 214 336 379 388 119 584 772 247 689 521 457 528 266 244 499 416 645 564 298 171 788 704 550 751 692 407 355 674 643 540 691 407 691 121 340 137 382 0 419 445 785 688 467 440 329 814 662 483 563 465 602 459 506 440 306 796 314 
255 511 503 412 639 516 797 342 195 593 579 368 321 548 544 584 663 811 71 408 399 654 273 486 918 185 440 677 825 221 705 277 122 502 230 422 473 752 302 113 419 0 233 535 421 79 29 747 568 924 591 566 643 825 149 222 821 515 501 494 
27 672 430 320 749 683 827 429 400 826 499 591 552 732 749 683 662 922 162 641 629 576 275 708 1078 407 662 894 832 425 913 486 296 735 39 652 544 724 389 129 445 233 0 765 652 308 217 733 798 1063 774 775 805 978 382 76 885 655 725 354 
785 573 949 890 771 555 1047 666 382 132 1018 191 264 506 414 763 990 885 604 140 228 1081 728 108 825 362 137 398 1107 435 470 304 487 124 765 113 751 1103 652 647 785 535 765 0 114 457 548 1077 33 893 533 397 630 779 392 737 998 629 90 993 
672 515 846 783 711 499 973 570 274 201 917 99 169 465 386 694 903 840 491 53 162 981 621 108 815 250 92 416 1029 334 480 203 377 132 651 4 665 1014 552 534 688 421 652 114 0 344 435 991 147 872 499 378 592 757 279 625 937 564 110 883 
328 503 570 484 650 503 833 375 122 522 646 289 259 524 507 602 710 818 147 334 337 719 337 407 902 106 361 628 867 201 662 199 90 433 308 344 504 806 339 192 467 79 308 457 344 0 91 796 490 917 567 524 630 814 86 286 846 516 422 570 
237 540 515 420 667 545 821 367 194 612 591 376 343 577 572 612 683 840 57 424 421 667 288 494 947 192 448 704 847 250 732 279 108 522 218 435 498 771 327 106 440 29 217 548 435 91 0 767 581 953 620 593 672 854 169 198 847 544 510 497 
753 545 316 422 391 569 163 431 913 1039 273 1005 822 647 742 353 88 458 738 944 849 227 483 1096 727 877 1063 891 117 668 848 968 869 970 694 994 327 45 461 698 329 747 733 1077 991 796 767 0 1103 640 654 776 588 638 784 804 292 481 1101 453 
818 593 980 922 791 574 1070 695 414 126 1049 221 294 523 428 786 1016 900 637 172 254 1111 760 128 831 395 163 399 1131 466 473 334 519 140 798 146 777 1129 682 680 814 568 798 33 147 490 581 1103 0 903 547 409 644 789 425 770 1018 651 109 1025 
1090 414 822 875 326 414 488 636 978 786 833 945 749 414 486 396 609 183 965 820 713 829 802 971 112 930 964 521 565 716 447 982 1007 770 1029 876 541 685 674 957 662 924 1063 893 872 917 953 640 903 0 375 497 291 115 848 1104 358 411 964 966 
801 126 677 683 275 104 569 396 613 444 721 570 375 43 119 301 581 353 646 446 339 752 557 602 337 565 590 237 642 370 197 609 655 409 748 503 379 692 420 651 483 591 774 533 499 567 620 654 547 375 0 143 97 262 490 797 491 183 596 791 
801 231 757 744 412 207 705 458 542 301 810 461 288 132 35 428 698 496 629 328 230 851 599 475 437 496 470 130 776 350 139 519 604 273 754 382 477 811 470 646 563 566 775 397 378 524 593 776 409 497 143 0 240 382 439 784 633 295 467 854 
832 133 653 675 197 127 488 398 687 541 688 660 460 127 216 240 522 256 690 539 430 711 566 697 275 639 683 320 564 429 265 691 719 506 776 596 349 628 429 689 465 643 805 630 592 630 672 588 644 291 97 240 0 184 558 836 400 160 692 779 
1005 314 776 816 274 311 501 559 871 673 797 831 637 302 371 342 592 194 871 705 599 804 728 856 102 823 849 412 580 613 339 870 903 655 947 761 481 683 595 868 602 825 978 779 757 814 854 638 789 115 262 382 184 0 742 1015 380 323 849 914 
404 436 588 514 598 434 805 353 139 444 662 244 174 447 423 556 696 760 220 260 252 732 355 357 827 95 313 542 846 138 577 184 166 353 377 280 475 798 323 258 459 149 382 392 279 86 169 784 425 848 490 439 558 742 0 367 804 457 369 609 
70 703 504 395 796 712 892 477 360 808 574 554 541 755 761 732 731 970 155 619 619 651 335 670 1111 375 624 899 901 435 923 446 253 719 112 624 598 796 436 147 506 222 76 737 625 286 198 804 770 1104 797 784 836 1015 367 0 944 693 688 430 
909 425 540 622 227 444 132 480 943 928 527 981 778 503 604 249 285 186 837 885 778 504 610 1045 455 899 1023 720 207 668 661 976 932 878 847 941 350 337 521 811 440 821 885 998 937 846 847 292 1018 358 491 633 400 380 804 944 0 373 1046 689 
682 64 498 515 148 88 420 239 595 569 539 610 406 168 261 136 403 303 554 512 405 569 408 672 423 548 650 413 486 319 380 615 606 511 624 568 197 516 272 546 306 515 655 629 564 516 544 481 651 411 183 295 160 323 457 693 373 0 673 620 
741 621 949 882 819 605 1083 678 328 222 1021 134 279 566 480 804 1013 944 567 161 268 1086 721 19 901 318 64 482 1139 441 552 244 435 196 728 107 775 1124 659 614 796 501 725 90 110 422 510 1101 109 964 596 467 692 849 369 688 1046 673 0 978 
363 666 149 110 643 687 591 398 689 1012 181 852 736 761 820 573 412 792 444 853 798 246 268 966 1016 675 922 984 568 566 975 769 601 924 322 884 434 428 384 393 314 494 354 993 883 570 497 453 1025 966 791 854 779 914 609 430 689 620 978 0 
4
84
86
1
39
9
49
14
34
54
30
80
33
40
55
42
39
13
90
77
38
89
27
65
57
35
73
39
56
54
72
89
20
21
16
41
73
34
44
79
2
17
82
94
100
82
35
91
24
87
69
22
85
1
39
20
36
44
15
