70
0 692 356 25 492 434 58 772 624 279 649 151 685 533 716 190 715 254 433 405 475 804 551 391 371 319 434 813 783 507 190 140 900 296 932 645 335 628 444 221 760 244 630 180 421 601 723 798 498 454 714 574 604 673 617 545 372 139 827 9 401 797 783 147 276 332 553 118 632 809 
692 0 550 712 209 314 713 436 121 503 54 755 686 768 509 633 179 595 521 699 616 592 263 304 757 877 752 470 289 579 584 617 225 843 240 134 569 315 651 858 664 933 711 864 360 508 654 432 287 902 658 153 108 449 182 164 400 783 141 693 802 801 606 685 831 614 267 647 103 121 
356 550 0 359 353 238 328 829 439 107 532 302 883 806 825 473 660 503 611 680 694 924 309 362 207 672 206 873 764 702 434 216 775 646 770 578 27 663 129 576 926 563 854 448 491 739 897 845 268 790 893 398 514 765 399 388 467 495 652 349 717 1011 917 239 626 67 567 421 455 641 
25 712 359 0 511 449 41 797 643 288 670 133 707 552 741 212 738 277 457 424 497 828 566 413 359 324 425 838 808 530 214 143 922 303 952 668 336 653 441 219 783 227 652 156 446 625 746 823 513 464 737 593 626 698 634 564 397 140 847 20 415 819 807 138 283 330 578 140 651 829 
492 209 353 511 0 117 508 509 134 295 180 546 662 679 537 464 309 443 431 583 532 635 145 135 557 713 559 552 416 511 413 409 433 679 447 227 369 347 467 675 672 736 663 659 259 488 652 518 125 766 651 85 161 473 149 53 276 596 337 492 670 790 637 476 664 414 256 464 140 320 
434 314 238 449 117 0 438 617 211 194 294 460 735 719 634 453 426 448 482 609 581 733 118 180 443 695 442 661 533 570 402 327 539 664 541 344 255 453 350 638 758 676 726 586 323 570 734 629 65 773 733 165 278 571 187 150 322 555 426 432 681 865 733 389 646 300 357 434 224 412 
58 713 328 41 508 438 0 819 637 266 673 93 742 591 768 247 749 312 488 463 532 857 553 419 318 363 385 861 823 564 245 118 928 343 953 676 304 671 404 254 817 242 687 151 464 654 780 845 500 505 771 587 632 724 625 560 417 178 845 49 456 854 838 99 323 295 593 175 647 828 
772 436 829 797 509 617 819 0 529 738 400 898 334 522 120 614 259 547 369 530 404 165 640 467 1007 789 1030 44 172 349 589 777 424 758 515 311 835 166 954 834 267 960 395 947 360 218 275 32 634 732 285 526 373 111 591 508 404 790 511 778 642 414 189 846 757 875 262 670 513 494 
624 121 439 643 134 211 637 529 0 405 132 668 740 788 585 598 285 572 537 701 637 676 142 264 646 847 636 567 398 609 547 533 339 813 331 218 460 387 534 809 733 868 753 788 365 561 719 530 171 893 721 50 158 521 63 82 392 730 215 624 795 863 685 597 798 505 314 598 18 202 
279 503 107 288 295 194 266 738 405 0 475 270 776 699 725 371 590 397 504 574 587 824 297 272 272 584 293 782 687 595 330 148 728 556 735 509 103 572 234 500 822 508 747 406 390 636 792 755 246 693 787 358 449 668 378 339 363 416 620 275 615 904 816 199 536 138 478 325 418 606 
649 54 532 670 180 294 673 400 132 475 0 720 637 714 466 582 153 543 467 645 562 552 264 258 737 825 736 438 266 526 534 582 256 791 284 90 549 269 639 809 618 888 660 823 306 458 608 400 278 848 611 145 54 403 195 145 347 736 192 650 748 754 564 651 779 594 214 600 115 172 
151 755 302 133 546 460 93 898 668 270 720 0 835 684 853 340 809 404 577 556 625 944 567 475 240 441 311 941 890 655 336 138 976 425 993 733 275 746 349 322 908 268 780 147 539 741 871 922 516 590 862 619 683 806 647 596 494 257 881 142 546 947 926 71 405 253 662 268 679 866 
685 686 883 707 662 735 742 334 740 776 637 835 0 232 214 495 539 431 273 310 210 213 807 555 1012 570 1056 341 491 183 500 750 741 548 826 552 879 373 1010 656 103 801 79 830 412 179 69 363 779 462 56 716 589 252 790 686 420 644 797 693 397 130 178 806 554 908 426 567 729 777 
533 768 806 552 679 719 591 522 788 699 714 684 232 0 406 348 661 304 251 129 152 438 815 549 892 347 948 540 648 194 376 631 880 331 954 646 795 492 926 450 335 597 153 647 423 309 300 553 775 230 287 752 661 416 825 718 403 457 898 542 173 298 404 671 342 814 504 418 782 878 
716 509 825 741 537 634 768 120 585 725 466 853 214 406 0 544 344 475 290 428 302 99 678 466 988 694 1018 134 280 248 527 742 533 665 621 376 827 198 954 751 158 885 275 884 335 121 159 151 662 624 167 572 427 64 643 548 369 716 603 723 539 303 100 808 666 863 281 607 571 585 
190 633 473 212 464 453 247 614 598 371 582 340 495 348 544 0 609 69 254 219 285 625 568 334 544 249 601 652 657 321 51 284 817 215 864 553 459 490 586 233 574 347 440 342 297 424 537 643 518 325 527 549 531 509 610 516 247 177 773 198 244 607 603 323 200 472 433 72 599 754 
715 179 660 738 309 426 749 259 285 590 153 809 539 661 344 609 0 556 433 619 514 420 415 334 860 836 866 292 113 467 568 674 220 802 293 82 674 171 776 842 502 942 577 894 312 369 499 253 422 830 505 296 148 290 348 288 362 779 259 718 730 646 437 745 793 718 177 644 268 241 
254 595 503 277 443 448 312 547 572 397 543 404 431 304 475 69 556 0 185 177 221 556 559 308 593 283 646 584 597 253 72 330 768 249 821 505 492 428 622 292 506 413 380 411 245 355 469 576 511 325 460 526 489 440 591 491 198 243 735 263 233 547 534 378 239 510 379 137 572 715 
433 521 611 457 431 482 488 369 537 504 467 577 273 251 290 254 433 185 0 186 101 372 571 306 741 424 784 404 446 91 243 481 653 392 720 404 607 276 738 465 332 596 246 596 173 170 297 400 534 397 290 502 413 260 575 468 160 426 654 440 298 400 351 540 388 635 262 320 531 634 
405 699 680 424 583 609 463 530 701 574 645 556 310 129 428 219 619 177 186 0 126 486 713 449 763 267 819 558 628 181 247 502 839 241 905 588 669 460 798 346 405 492 241 529 341 312 367 562 669 211 355 661 591 419 732 626 309 339 836 414 114 405 456 542 246 685 447 289 699 816 
475 616 694 497 532 581 532 404 637 587 562 625 210 152 302 285 514 221 101 126 0 363 671 406 809 392 857 432 511 55 291 546 734 364 806 494 688 348 820 460 293 601 161 622 274 186 255 436 634 329 245 603 509 293 676 569 260 438 746 483 238 327 335 598 366 713 352 357 631 726 
804 592 924 828 635 733 857 165 676 824 552 944 213 438 99 625 420 556 372 486 363 0 775 565 1085 753 1117 150 337 313 614 837 589 727 680 462 926 290 1053 822 120 961 290 967 434 203 144 184 760 666 157 666 518 162 735 643 466 794 676 811 589 260 35 901 729 962 379 692 662 658 
551 263 309 566 145 118 553 640 142 297 264 567 807 815 678 568 415 559 571 713 671 775 0 266 515 813 499 681 528 653 517 439 479 781 463 339 332 485 394 756 816 793 807 699 401 633 796 646 53 884 796 119 271 614 90 132 412 673 345 549 791 935 778 496 764 376 397 552 160 335 
391 304 362 413 135 180 419 467 264 272 258 475 555 549 466 334 334 308 306 449 406 565 266 0 543 583 563 511 421 392 284 340 509 549 542 258 368 301 490 554 581 630 547 568 143 392 556 484 228 631 554 218 213 404 284 183 146 479 444 393 535 685 561 411 534 408 206 343 265 425 
371 757 207 359 557 443 318 1007 646 272 737 240 1012 892 988 544 860 593 741 763 809 1085 515 543 0 679 73 1051 959 829 521 263 982 661 977 778 188 843 154 562 1070 496 970 371 653 889 1038 1026 475 823 1031 605 715 931 605 593 619 494 859 362 771 1136 1073 224 641 143 749 476 662 848 
319 877 672 324 713 695 363 789 847 584 825 441 570 347 694 249 836 283 424 267 392 753 813 583 679 0 747 821 866 446 300 457 1051 34 1104 788 652 696 763 127 669 264 495 348 528 575 631 821 760 162 619 798 772 678 859 765 481 185 1017 327 174 645 723 462 49 651 659 263 848 997 
434 752 206 425 559 442 385 1030 636 293 736 311 1056 948 1018 601 866 646 784 819 857 1117 499 563 73 747 0 1074 970 873 574 317 975 728 962 784 195 864 109 632 1110 569 1018 444 683 925 1078 1047 465 888 1072 599 720 961 589 591 653 562 844 425 833 1182 1107 287 708 155 769 535 653 834 
813 470 873 838 552 661 861 44 567 782 438 941 341 540 134 652 292 584 404 558 432 150 681 511 1051 821 1074 0 195 377 629 821 441 791 533 349 879 210 998 869 262 997 408 987 404 246 277 39 677 757 288 567 413 144 629 549 447 827 538 819 670 407 179 889 790 919 306 710 551 522 
783 289 764 808 416 533 823 172 398 687 266 890 491 648 280 657 113 597 446 628 511 337 528 421 959 866 970 195 0 459 621 758 253 833 343 190 776 170 883 889 435 999 541 963 364 340 439 156 533 838 447 409 258 240 461 399 415 832 343 788 742 582 361 829 827 819 230 700 381 328 
507 579 702 530 511 570 564 349 609 595 526 655 183 194 248 321 467 253 91 181 55 313 653 392 829 446 873 377 459 0 319 567 687 417 760 453 698 299 829 509 253 648 156 662 252 131 216 381 620 384 207 577 473 238 651 544 248 483 705 516 293 309 287 623 418 725 313 390 602 685 
190 584 434 214 413 402 245 589 547 330 534 336 500 376 527 51 568 72 243 247 291 614 517 284 521 300 574 629 621 319 0 258 772 266 816 509 422 457 551 277 572 378 452 358 258 411 535 617 467 373 526 498 483 488 559 465 207 211 725 197 288 618 593 307 251 438 394 81 549 705 
140 617 216 143 409 327 118 777 533 148 582 138 750 631 742 284 674 330 481 502 546 837 439 340 263 457 317 821 758 567 258 0 838 432 856 597 195 620 309 360 813 360 707 260 417 637 778 800 386 584 771 483 546 691 514 459 375 279 745 133 520 873 822 71 412 195 533 220 543 729 
900 225 775 922 433 539 928 424 339 728 256 976 741 880 533 817 220 768 653 839 734 589 479 509 982 1051 975 441 253 687 772 838 0 1017 92 264 794 388 873 1049 688 1138 788 1077 523 582 692 405 510 1050 700 377 296 489 391 389 571 980 155 902 950 835 613 907 1007 839 395 844 322 154 
296 843 646 303 679 664 343 758 813 556 791 425 548 331 665 215 802 249 392 241 364 727 781 549 661 34 728 791 833 417 266 432 1017 0 1070 754 626 663 740 125 645 270 474 343 494 545 607 790 729 166 595 764 738 647 825 731 447 168 983 304 158 629 697 441 20 627 625 233 814 963 
932 240 770 952 447 541 953 515 331 735 284 993 826 954 621 864 293 821 720 905 806 680 463 542 977 1104 962 533 343 760 816 856 92 1070 0 318 791 464 857 1092 778 1172 870 1104 577 662 780 496 502 1114 788 377 333 574 373 398 623 1020 118 933 1014 924 704 923 1059 836 458 884 317 129 
645 134 578 668 227 344 676 311 218 509 90 733 552 646 376 553 82 505 404 588 494 462 339 258 778 788 784 349 190 453 509 597 264 754 318 0 592 181 694 786 530 877 580 824 260 375 520 312 343 796 524 220 68 315 280 209 307 717 252 648 696 667 474 668 744 636 142 581 202 232 
335 569 27 336 369 255 304 835 460 103 549 275 879 795 827 459 674 492 607 669 688 926 332 368 188 652 195 879 776 698 422 195 794 626 791 592 0 669 132 555 925 537 849 422 492 739 895 852 289 773 890 417 529 769 421 405 466 474 673 328 703 1007 918 213 606 45 574 404 475 662 
628 315 663 653 347 453 671 166 387 572 269 746 373 492 198 490 171 428 276 460 348 290 485 301 843 696 864 210 170 299 457 620 388 663 464 181 669 0 788 720 349 835 407 807 207 199 339 183 472 671 343 376 229 134 445 353 256 666 424 633 574 486 298 690 657 709 96 537 373 404 
444 651 129 441 467 350 404 954 534 234 639 349 1010 926 954 586 776 622 738 798 820 1053 394 490 154 763 109 998 883 829 551 309 873 740 857 694 132 788 0 658 1055 617 981 494 620 868 1026 970 364 893 1021 498 628 893 484 494 596 581 739 436 827 1138 1046 305 720 114 692 527 551 729 
221 858 576 219 675 638 254 834 809 500 809 322 656 450 751 233 842 292 465 346 460 822 756 554 562 127 632 869 889 509 277 360 1049 125 1092 786 555 720 658 0 750 147 586 221 530 630 712 865 703 288 700 760 759 725 813 728 480 84 998 227 280 746 795 353 110 549 666 211 815 979 
760 664 926 783 672 758 817 267 733 822 618 908 103 335 158 574 502 506 332 405 293 120 816 581 1070 669 1110 262 435 253 572 813 688 645 778 530 925 349 1055 750 0 893 182 914 440 189 38 292 794 565 50 716 577 215 788 689 459 731 761 769 498 147 85 872 651 958 422 643 721 743 
244 933 563 227 736 676 242 960 868 508 888 268 801 597 885 347 942 413 596 492 601 961 793 630 496 264 569 997 999 648 378 360 1138 270 1172 877 537 835 617 147 893 0 732 125 635 764 855 989 740 426 844 818 842 853 861 789 584 170 1070 245 427 893 935 324 257 519 771 299 876 1052 
630 711 854 652 663 726 687 395 753 747 660 780 79 153 275 440 577 380 246 241 161 290 807 547 970 495 1018 408 541 156 452 707 788 474 870 580 849 407 981 586 182 732 0 768 406 208 148 426 774 383 135 725 610 301 799 693 404 579 830 638 321 167 255 758 482 874 446 512 745 810 
180 864 448 156 659 586 151 947 788 406 823 147 830 647 884 342 894 411 596 529 622 967 699 568 371 348 444 987 963 662 358 260 1077 343 1104 824 422 807 494 221 914 125 768 0 601 766 877 974 646 509 866 738 781 846 773 711 551 190 996 176 489 934 945 210 325 400 733 277 798 979 
421 360 491 446 259 323 464 360 365 390 306 539 412 423 335 297 312 245 173 341 274 434 401 143 653 528 683 404 364 252 258 417 523 494 577 260 492 207 620 530 440 635 406 601 0 251 413 383 369 542 411 329 252 278 402 295 51 469 498 426 442 542 426 486 484 528 136 336 360 478 
601 508 739 625 488 570 654 218 561 636 458 741 179 309 121 424 369 355 170 312 186 203 633 392 889 575 925 246 340 131 411 637 582 545 662 375 739 199 868 630 189 764 208 766 251 0 164 250 608 514 163 539 410 108 612 510 273 596 623 608 424 302 185 700 545 772 247 489 550 603 
723 654 897 746 652 734 780 275 719 792 608 871 69 300 159 537 499 469 297 367 255 144 796 556 1038 631 1078 277 439 216 535 778 692 607 780 520 895 339 1026 712 38 855 148 877 413 164 0 303 772 530 13 699 564 209 771 671 430 693 758 732 461 147 109 837 613 927 405 606 707 739 
798 432 845 823 518 629 845 32 530 755 400 922 363 553 151 643 253 576 400 562 436 184 646 484 1026 821 1047 39 156 381 617 800 405 790 496 312 852 183 970 865 292 989 426 974 383 250 303 0 643 764 313 530 376 143 592 514 428 819 499 804 674 438 211 869 788 892 278 698 514 483 
498 287 268 513 125 65 500 634 171 246 278 516 779 775 662 518 422 511 534 669 634 760 53 228 475 760 465 677 533 620 467 386 510 729 502 343 289 472 364 703 794 740 774 646 369 608 772 643 0 836 771 134 275 598 133 134 374 620 384 496 744 908 762 445 711 334 381 499 188 373 
454 902 790 464 766 773 505 732 893 693 848 590 462 230 624 325 830 325 397 211 329 666 884 631 823 162 888 757 838 384 373 584 1050 166 1114 796 773 671 893 288 565 426 383 509 542 514 530 764 836 0 517 849 794 622 915 814 504 334 1040 463 100 517 633 601 186 779 656 369 892 1020 
714 658 893 737 651 733 771 285 721 787 611 862 56 287 167 527 505 460 290 355 245 157 796 554 1031 619 1072 288 447 207 526 771 700 595 788 524 890 343 1021 700 50 844 135 866 411 163 13 313 771 517 0 701 567 215 773 672 426 683 764 723 448 143 122 830 601 921 407 597 710 745 
574 153 398 593 85 165 587 526 50 358 145 619 716 752 572 549 296 526 502 661 603 666 119 218 605 798 599 567 409 577 498 483 377 764 377 220 417 376 498 760 716 818 725 738 329 539 699 530 134 849 701 0 154 508 74 35 352 681 262 574 752 841 672 548 749 462 294 549 60 248 
604 108 514 626 161 278 632 373 158 449 54 683 589 661 427 531 148 489 413 591 509 518 271 213 715 772 720 413 258 473 483 546 296 738 333 68 529 229 628 759 577 842 610 781 252 410 564 376 275 794 567 154 0 363 218 141 293 687 246 606 694 710 527 616 727 573 164 551 144 226 
673 449 765 698 473 571 724 111 521 668 403 806 252 416 64 509 290 440 260 419 293 162 614 404 931 678 961 144 240 238 488 691 489 647 574 315 769 134 893 725 215 853 301 846 278 108 209 143 598 622 215 508 363 0 579 484 316 683 549 680 531 356 164 758 646 806 217 569 507 530 
617 182 399 634 149 187 625 591 63 378 195 647 790 825 643 610 348 591 575 732 676 735 90 284 605 859 589 629 461 651 559 514 391 825 373 280 421 445 484 813 788 861 799 773 402 612 771 592 133 915 773 74 218 579 0 107 423 732 255 616 819 914 743 576 810 465 366 604 81 245 
545 164 388 564 53 150 560 508 82 339 145 596 686 718 548 516 288 491 468 626 569 643 132 183 593 765 591 549 399 544 465 459 389 731 398 209 405 353 494 728 689 789 693 711 295 510 671 514 134 814 672 35 141 484 107 0 317 649 286 545 717 812 648 525 716 450 268 517 87 270 
372 400 467 397 276 322 417 404 392 363 347 494 420 403 369 247 362 198 160 309 260 466 412 146 619 481 653 447 415 248 207 375 571 447 623 307 466 256 596 480 459 584 404 551 51 273 430 428 374 504 426 352 293 316 423 317 0 418 539 377 405 550 454 443 437 499 187 285 390 519 
139 783 495 140 596 555 178 790 730 416 736 257 644 457 716 177 779 243 426 339 438 794 673 479 494 185 562 827 832 483 211 279 980 168 1020 717 474 666 581 84 731 170 579 190 469 596 693 819 620 334 683 681 687 683 732 649 418 0 923 146 300 744 769 277 148 470 605 136 736 904 
827 141 652 847 337 426 845 511 215 620 192 881 797 898 603 773 259 735 654 836 746 676 345 444 859 1017 844 538 343 705 725 745 155 983 118 252 673 424 739 998 761 1070 830 996 498 623 758 499 384 1040 764 262 246 549 255 286 539 923 0 828 940 905 695 810 971 718 394 787 202 20 
9 693 349 20 492 432 49 778 624 275 650 142 693 542 723 198 718 263 440 414 483 811 549 393 362 327 425 819 788 516 197 133 902 304 933 648 328 633 436 227 769 245 638 176 426 608 732 804 496 463 723 574 606 680 616 545 377 146 828 0 410 805 790 138 284 324 558 126 632 810 
401 802 717 415 670 681 456 642 795 615 748 546 397 173 539 244 730 233 298 114 238 589 791 535 771 174 833 670 742 293 288 520 950 158 1014 696 703 574 827 280 498 427 321 489 442 424 461 674 744 100 448 752 694 531 819 717 405 300 940 410 0 471 558 547 170 713 556 300 794 920 
797 801 1011 819 790 865 854 414 863 904 754 947 130 298 303 607 646 547 400 405 327 260 935 685 1136 645 1182 407 582 309 618 873 835 629 924 667 1007 486 1138 746 147 893 167 934 542 302 147 438 908 517 143 841 710 356 914 812 550 744 905 805 471 0 228 925 639 1034 549 679 852 886 
783 606 917 807 637 733 838 189 685 816 564 926 178 404 100 603 437 534 351 456 335 35 778 561 1073 723 1107 179 361 287 593 822 613 697 704 474 918 298 1046 795 85 935 255 945 426 185 109 211 762 633 122 672 527 164 743 648 454 769 695 790 558 228 0 885 701 953 381 670 671 677 
147 685 239 138 476 389 99 846 597 199 651 71 806 671 808 323 745 378 540 542 598 901 496 411 224 462 287 889 829 623 307 71 907 441 923 668 213 690 305 353 872 324 758 210 486 700 837 869 445 601 830 548 616 758 576 525 443 277 810 138 547 925 885 0 421 198 604 253 608 795 
276 831 626 283 664 646 323 757 798 536 779 405 554 342 666 200 793 239 388 246 366 729 764 534 641 49 708 790 827 418 251 412 1007 20 1059 744 606 657 720 110 651 257 482 325 484 545 613 788 711 186 601 749 727 646 810 716 437 148 971 284 170 639 701 421 0 607 616 214 799 951 
332 614 67 330 414 300 295 875 505 138 594 253 908 814 863 472 718 510 635 685 713 962 376 408 143 651 155 919 819 725 438 195 839 627 836 636 45 709 114 549 958 519 874 400 528 772 927 892 334 779 921 462 573 806 465 450 499 470 718 324 713 1034 953 198 607 0 614 413 520 707 
553 267 567 578 256 357 593 262 314 478 214 662 426 504 281 433 177 379 262 447 352 379 397 206 749 659 769 306 230 313 394 533 395 625 458 142 574 96 692 666 422 771 446 733 136 247 405 278 381 656 407 294 164 217 366 268 187 605 394 558 556 549 381 604 616 614 0 472 303 374 
118 647 421 140 464 434 175 670 598 325 600 268 567 418 607 72 644 137 320 289 357 692 552 343 476 263 535 710 700 390 81 220 844 233 884 581 404 537 527 211 643 299 512 277 336 489 606 698 499 369 597 549 551 569 604 517 285 136 787 126 300 679 670 253 214 413 472 0 604 768 
632 103 455 651 140 224 647 513 18 418 115 679 729 782 571 599 268 572 531 699 631 662 160 265 662 848 653 551 381 602 549 543 322 814 317 202 475 373 551 815 721 876 745 798 360 550 707 514 188 892 710 60 144 507 81 87 390 736 202 632 794 852 671 608 799 520 303 604 0 188 
809 121 641 829 320 412 828 494 202 606 172 866 777 878 585 754 241 715 634 816 726 658 335 425 848 997 834 522 328 685 705 729 154 963 129 232 662 404 729 979 743 1052 810 979 478 603 739 483 373 1020 745 248 226 530 245 270 519 904 20 810 920 886 677 795 951 707 374 768 188 0 
5
37
74
100
49
41
51
53
6
81
31
22
75
3
98
83
65
75
49
10
3
49
54
71
86
90
9
16
12
58
10
85
90
43
94
68
83
53
31
37
35
15
98
78
84
48
46
74
50
82
89
60
88
63
36
53
85
52
33
62
10
99
97
88
92
77
9
69
36
