12
0 692 356 25 492 434 58 772 624 279 649 151 
692 0 550 712 209 314 713 436 122 503 54 755 
356 550 0 359 353 238 328 829 439 107 532 302 
25 712 359 0 511 449 41 797 643 288 670 133 
492 209 353 511 0 117 508 509 134 295 180 546 
434 314 238 449 117 0 438 617 211 194 294 460 
58 713 328 41 508 438 0 819 637 266 673 93 
772 436 829 797 509 617 819 0 529 738 400 898 
624 122 439 643 134 211 637 529 0 405 132 668 
279 503 107 288 295 194 266 738 405 0 475 270 
649 54 532 670 180 294 673 400 132 475 0 720 
151 755 302 133 546 460 93 898 668 270 720 0 
55
50
91
100
17
89
78
47
22
78
81
