55
0 632 649 786 871 258 577 923 775 326 618 716 367 909 765 546 621 1073 896 417 947 485 430 971 780 640 504 501 643 422 807 900 889 134 786 377 505 296 900 102 402 1065 177 130 838 402 846 811 159 725 328 627 751 948 380 
632 0 462 467 280 535 149 292 598 825 53 383 571 309 186 152 22 441 347 269 410 572 576 361 239 464 456 372 13 239 185 642 623 545 187 567 435 340 495 568 585 439 539 506 210 376 581 254 473 168 538 459 202 318 507 
649 462 0 154 714 404 575 641 150 633 409 828 333 732 399 555 478 735 797 573 428 237 285 759 700 9 808 735 460 352 603 255 241 515 631 323 790 444 284 547 315 791 683 584 524 680 198 710 544 367 780 22 663 671 286 
786 467 154 0 676 550 604 574 171 787 417 850 486 686 345 591 487 640 766 642 299 391 439 702 686 163 874 795 460 435 566 175 156 653 603 477 854 549 130 685 469 712 798 707 463 756 115 687 666 326 876 175 652 603 436 
871 280 714 676 0 810 295 159 832 1097 325 328 850 38 331 325 277 280 95 460 490 849 855 105 110 717 537 467 276 514 111 843 824 804 93 847 517 597 655 823 865 216 744 741 223 525 789 77 716 352 691 715 124 154 787 
258 535 404 550 810 0 545 818 519 291 501 755 115 842 612 513 533 955 860 428 756 227 175 896 742 395 613 573 542 296 720 649 639 129 717 122 604 236 673 158 150 970 354 244 713 481 599 767 218 571 495 382 707 846 122 
577 149 575 604 295 545 0 377 720 820 190 253 608 332 334 33 127 529 321 166 558 637 628 397 203 575 310 226 161 270 248 778 759 519 214 607 288 316 641 535 629 497 450 447 330 249 716 234 423 317 417 568 174 394 551 
923 292 641 574 159 818 377 0 740 1109 317 477 837 144 242 400 302 153 249 538 346 814 830 131 250 646 662 584 282 525 129 731 712 836 174 832 641 632 529 860 845 155 820 796 117 625 681 224 764 277 793 646 245 30 772 
775 598 150 171 832 519 720 740 0 708 545 973 428 845 504 702 615 811 919 723 467 312 369 865 830 154 958 885 594 502 721 136 132 641 754 418 940 591 276 673 401 881 825 722 626 830 108 836 683 480 927 165 794 769 397 
326 825 633 787 1097 291 820 1109 708 0 792 1005 304 1129 901 787 822 1246 1140 682 1029 400 348 1185 1022 624 818 801 832 586 1010 844 839 307 1004 313 816 504 917 302 318 1261 500 418 1004 702 806 1050 420 860 653 612 989 1137 364 
618 53 409 417 325 501 190 317 545 792 0 433 529 352 164 185 70 460 396 284 384 524 530 399 292 411 488 404 51 208 224 592 573 522 234 525 467 322 451 546 541 469 538 495 220 396 531 305 459 136 552 406 255 345 465 
716 383 828 850 328 755 253 477 973 1005 433 0 836 359 546 276 363 608 276 327 757 880 864 422 227 828 254 218 391 512 367 1025 1006 698 313 837 240 520 874 704 861 534 550 595 492 314 964 254 586 542 445 821 240 479 785 
367 571 333 486 850 115 608 837 428 304 529 836 0 880 613 577 573 964 910 513 726 119 63 928 794 324 713 667 576 341 753 562 554 243 757 10 703 321 615 270 35 992 468 358 725 579 517 817 330 572 607 311 758 867 65 
909 309 732 686 38 842 332 144 845 1129 352 359 880 0 342 363 309 249 106 498 485 875 882 67 147 735 574 504 304 546 130 851 832 838 125 876 554 631 658 858 893 179 782 779 226 563 798 113 752 366 729 734 162 132 816 
765 186 399 345 331 612 334 242 504 901 164 546 613 342 0 337 207 351 422 448 224 578 599 362 352 404 641 557 173 343 222 513 494 657 264 608 620 470 334 685 618 394 699 647 125 559 458 348 609 41 716 404 321 272 548 
546 152 555 591 325 513 33 400 702 787 185 276 577 363 337 0 130 553 354 138 561 609 598 427 236 554 304 220 164 241 272 765 746 486 242 577 283 283 636 502 599 525 422 416 345 230 702 266 391 318 397 547 206 418 521 
621 22 478 487 277 533 127 302 615 822 70 363 573 309 207 130 0 453 339 251 431 579 581 363 228 479 434 350 34 237 189 662 643 538 184 571 413 332 517 560 589 446 523 494 226 356 601 246 462 190 519 473 191 327 511 
1073 441 735 640 280 955 529 153 811 1246 460 608 964 249 351 553 453 0 347 691 363 929 950 194 386 741 809 733 430 668 281 777 760 982 322 959 788 780 567 1006 969 106 973 947 242 777 736 355 914 392 945 744 388 136 899 
896 347 797 766 95 860 321 249 919 1140 396 276 910 106 422 354 339 347 0 479 585 918 920 153 118 799 512 451 345 569 200 935 916 840 166 908 493 636 750 856 926 262 755 766 318 525 880 93 744 441 683 796 153 238 848 
417 269 573 642 460 428 166 538 723 682 284 327 513 498 448 138 251 691 479 0 668 570 546 563 364 570 235 164 282 222 410 807 790 375 380 515 217 193 709 385 541 663 284 287 476 116 744 396 269 420 269 560 337 556 466 
947 410 428 299 490 756 558 346 467 1029 384 757 726 485 224 561 431 363 585 668 0 656 694 476 545 436 865 781 397 531 400 416 398 827 453 718 844 662 205 857 719 452 904 840 272 780 380 532 800 248 935 443 521 369 665 
485 572 237 391 849 227 637 814 312 400 524 880 119 875 578 609 579 929 918 570 656 0 57 917 807 228 786 731 574 368 745 447 441 356 758 110 775 388 521 385 89 968 572 462 697 651 407 825 429 538 701 218 770 844 115 
430 576 285 439 855 175 628 830 369 348 530 864 63 882 599 598 581 950 920 546 694 57 0 928 807 276 756 704 579 358 754 504 497 304 763 53 745 358 569 332 32 985 525 415 716 621 462 827 385 559 661 264 770 860 80 
971 361 759 702 105 896 397 131 865 1185 399 422 928 67 362 427 363 194 153 563 476 917 928 0 214 763 641 571 354 600 176 861 842 898 185 924 621 691 660 918 940 113 847 841 239 630 811 180 813 392 796 763 229 107 864 
780 239 700 686 110 742 203 250 830 1022 292 227 794 147 352 236 228 386 118 364 545 807 807 214 0 702 427 357 241 453 145 858 839 722 92 793 407 518 686 738 812 326 644 650 273 420 801 34 626 360 583 698 37 254 734 
640 464 9 163 717 395 575 646 154 624 411 828 324 735 404 554 479 741 799 570 436 228 276 763 702 0 804 732 461 348 606 262 249 506 633 314 787 438 293 538 306 796 676 577 529 676 206 712 537 371 774 13 665 676 277 
504 456 808 874 537 613 310 662 958 818 488 254 713 574 641 304 434 809 512 235 865 786 756 641 427 804 0 84 468 456 536 1041 1024 522 488 717 22 398 933 519 745 753 327 401 636 135 978 461 406 622 197 794 421 673 676 
501 372 735 795 467 573 226 584 885 801 404 218 667 504 557 220 350 733 451 164 781 731 704 571 357 732 84 0 384 386 456 964 946 497 411 669 63 346 851 499 696 683 332 384 553 99 901 391 381 538 233 723 346 597 624 
643 13 460 460 276 542 161 282 594 832 51 391 576 304 173 164 34 430 345 282 397 574 579 354 241 461 468 384 0 246 178 635 616 554 184 572 447 350 485 578 589 430 551 517 198 389 575 254 484 157 551 457 204 309 512 
422 239 352 435 514 296 270 525 502 586 208 512 341 546 343 241 237 668 569 222 531 368 358 600 453 348 456 386 246 0 424 593 576 316 421 340 439 131 521 342 360 676 378 309 426 328 530 476 269 303 441 338 417 553 282 
807 185 603 566 111 720 248 129 721 1010 224 367 753 130 222 272 189 281 200 410 400 745 754 176 145 606 536 456 178 424 0 735 716 727 54 749 514 520 551 748 765 258 694 677 128 496 680 132 648 241 664 604 127 146 689 
900 642 255 175 843 649 778 731 136 844 592 1025 562 851 513 765 662 777 935 807 416 447 504 861 858 262 1041 964 635 593 735 0 19 766 775 552 1023 696 211 798 536 859 938 839 625 920 63 859 799 498 1030 275 825 759 527 
889 623 241 156 824 639 759 712 132 839 573 1006 554 832 494 746 643 760 916 790 398 441 497 842 839 249 1024 946 616 576 716 19 0 755 756 544 1005 680 193 787 529 841 924 825 606 903 46 840 785 479 1014 262 806 740 517 
134 545 515 653 804 129 519 836 641 307 522 698 243 838 657 486 538 982 840 375 827 356 304 898 722 506 522 497 554 316 727 766 755 0 713 251 517 207 769 32 278 984 233 127 742 399 712 752 116 616 382 493 691 863 247 
786 187 631 603 93 717 214 174 754 1004 234 313 757 125 264 242 184 322 166 380 453 758 763 185 92 633 488 411 184 421 54 775 756 713 0 754 467 506 597 733 772 283 664 656 181 457 718 84 628 277 625 630 73 186 694 
377 567 323 477 847 122 607 832 418 313 525 837 10 876 608 577 571 959 908 515 718 110 53 924 793 314 717 669 572 340 749 552 544 251 754 0 707 323 606 279 28 987 475 365 720 583 507 815 337 567 613 302 756 862 60 
505 435 790 854 517 604 288 641 940 816 467 240 703 554 620 283 413 788 493 217 844 775 745 621 407 787 22 63 447 439 514 1023 1005 517 467 707 0 387 913 515 734 733 330 398 614 124 960 441 401 601 206 777 400 652 665 
296 340 444 549 597 236 316 632 591 504 322 520 321 631 470 283 332 780 636 193 662 388 358 691 518 438 398 346 350 131 520 696 680 207 506 323 387 0 645 228 350 778 251 178 542 263 635 546 139 431 336 426 485 658 278 
900 495 284 130 655 673 641 529 276 917 451 874 615 658 334 636 517 567 750 709 205 521 569 660 686 293 933 851 485 521 551 211 193 769 597 606 913 645 0 801 599 651 896 812 432 825 178 681 771 332 960 305 655 556 563 
102 568 547 685 823 158 535 860 673 302 546 704 270 858 685 502 560 1006 856 385 857 385 332 918 738 538 519 499 578 342 748 798 787 32 733 279 515 228 801 0 305 1006 217 118 766 400 744 768 118 644 369 525 707 886 278 
402 585 315 469 865 150 629 845 401 318 541 861 35 893 618 599 589 969 926 541 719 89 32 940 812 306 745 696 589 360 765 536 529 278 772 28 734 350 599 305 0 1000 503 393 732 610 494 833 365 577 641 294 775 875 78 
1065 439 791 712 216 970 497 155 881 1261 469 534 992 179 394 525 446 106 262 663 452 968 985 113 326 796 753 683 430 676 258 859 841 984 283 987 733 778 651 1006 1000 0 947 935 271 739 814 292 906 431 905 798 338 125 927 
177 539 683 798 744 354 450 820 825 500 538 550 468 782 699 422 523 973 755 284 904 572 525 847 644 676 327 332 551 378 694 938 924 233 664 475 330 251 896 217 503 947 0 110 749 237 879 677 143 664 154 663 620 840 457 
130 506 584 707 741 244 447 796 722 418 495 595 358 779 647 416 494 947 766 287 840 462 415 841 650 577 401 384 517 309 677 839 825 127 656 365 398 178 812 118 393 935 110 0 714 285 782 681 41 609 255 564 621 821 347 
838 210 524 463 223 713 330 117 626 1004 220 492 725 226 125 345 226 242 318 476 272 697 716 239 273 529 636 553 198 426 128 625 606 742 181 720 614 542 432 766 732 271 749 714 0 575 573 260 679 160 742 529 252 147 660 
402 376 680 756 525 481 249 625 830 702 396 314 579 563 559 230 356 777 525 116 780 651 621 630 420 676 135 99 389 328 496 920 903 399 457 583 124 263 825 400 610 739 237 285 575 0 857 454 283 532 168 665 401 641 541 
846 581 198 115 789 599 716 681 108 806 531 964 517 798 458 702 601 736 880 744 380 407 462 811 801 206 978 901 575 530 680 63 46 712 718 507 960 635 178 744 494 814 879 782 573 857 0 802 741 441 968 219 767 710 478 
811 254 710 687 77 767 234 224 836 1050 305 254 817 113 348 266 246 355 93 396 532 825 827 180 34 712 461 391 254 476 132 859 840 752 84 815 441 546 681 768 833 292 677 681 260 454 802 0 657 361 617 708 61 225 755 
159 473 544 666 716 218 423 764 683 420 459 586 330 752 609 391 462 914 744 269 800 429 385 813 626 537 406 381 484 269 648 799 785 116 628 337 401 139 771 118 365 906 143 41 679 283 741 657 0 570 277 524 597 789 314 
725 168 367 326 352 571 317 277 480 860 136 542 572 366 41 318 190 392 441 420 248 538 559 392 360 371 622 538 157 303 241 498 479 616 277 567 601 431 332 644 577 431 664 609 160 532 441 361 570 0 688 371 327 307 507 
328 538 780 876 691 495 417 793 927 653 552 445 607 729 716 397 519 945 683 269 935 701 661 796 583 774 197 233 551 441 664 1030 1014 382 625 613 206 336 960 369 641 905 154 255 742 168 968 617 277 688 0 762 567 809 586 
627 459 22 175 715 382 568 646 165 612 406 821 311 734 404 547 473 744 796 560 443 218 264 763 698 13 794 723 457 338 604 275 262 493 630 302 777 426 305 525 294 798 663 564 529 665 219 708 524 371 762 0 661 676 264 
751 202 663 652 124 707 174 245 794 989 255 240 758 162 321 206 191 388 153 337 521 770 770 229 37 665 421 346 204 417 127 825 806 691 73 756 400 485 655 707 775 338 620 621 252 401 767 61 597 327 567 661 0 253 697 
948 318 671 603 154 846 394 30 769 1137 345 479 867 132 272 418 327 136 238 556 369 844 860 107 254 676 673 597 309 553 146 759 740 863 186 862 652 658 556 886 875 125 840 821 147 641 710 225 789 307 809 676 253 0 802 
380 507 286 436 787 122 551 772 397 364 465 785 65 816 548 521 511 899 848 466 665 115 80 864 734 277 676 624 512 282 689 527 517 247 694 60 665 278 563 278 78 927 457 347 660 541 478 755 314 507 586 264 697 802 0 
94
97
60
38
62
7
31
8
19
41
74
73
16
100
70
78
78
66
57
11
28
30
53
57
77
43
50
26
60
64
39
100
19
35
31
33
57
53
14
26
1
54
83
18
60
24
7
46
34
58
66
100
71
78
