35
0 633 650 786 872 258 578 924 775 326 618 716 367 909 765 547 622 1074 896 417 947 485 430 971 780 642 504 501 644 422 807 901 890 135 786 
633 0 462 467 280 535 149 292 598 825 53 383 571 309 186 152 22 441 347 269 410 572 576 361 239 464 456 372 13 239 185 642 623 545 187 
650 462 0 154 714 404 575 641 150 633 409 828 333 732 399 555 478 735 797 573 428 237 285 760 700 9 808 735 460 352 603 255 241 515 631 
786 467 154 0 676 550 604 574 171 787 417 850 486 686 345 591 487 640 766 642 299 391 439 702 686 163 874 795 460 435 566 175 156 653 604 
872 280 714 676 0 810 295 159 832 1097 325 328 850 38 331 325 277 280 95 460 490 849 855 105 110 717 537 467 276 514 111 843 824 804 93 
258 535 404 550 810 0 545 818 520 291 501 755 115 842 613 513 533 955 860 428 756 227 175 896 742 395 613 573 542 296 720 649 639 129 717 
578 149 575 604 295 545 0 377 720 820 190 253 608 332 334 33 127 529 321 166 558 637 628 397 203 575 310 226 161 270 248 778 759 519 214 
924 292 641 574 159 818 377 0 740 1109 317 477 838 144 242 400 302 153 249 538 346 814 830 131 250 646 662 584 282 525 129 731 712 836 174 
775 598 150 171 832 520 720 740 0 708 545 973 428 845 504 702 615 811 919 723 467 312 369 865 830 154 958 885 594 502 721 136 132 641 754 
326 825 633 787 1097 291 820 1109 708 0 792 1005 304 1129 902 787 822 1246 1140 682 1030 400 348 1185 1022 624 818 801 832 586 1010 844 839 307 1004 
618 53 409 417 325 501 190 317 545 792 0 433 529 352 164 185 70 460 396 284 384 524 530 399 292 411 488 404 51 208 224 592 573 522 234 
716 383 828 850 328 755 253 477 973 1005 433 0 836 359 546 276 363 608 276 327 757 880 864 422 227 828 254 218 391 512 368 1025 1006 698 314 
367 571 333 486 850 115 608 838 428 304 529 836 0 880 614 577 573 965 911 513 726 119 63 928 794 324 713 667 576 341 753 562 554 243 757 
909 309 732 686 38 842 332 144 845 1129 352 359 880 0 342 363 309 249 106 498 485 875 882 67 147 735 574 504 304 546 130 851 832 839 125 
765 186 399 345 331 613 334 242 504 902 164 546 614 342 0 337 207 351 422 448 224 578 599 362 352 404 641 557 173 343 222 513 494 657 264 
547 152 555 591 325 513 33 400 702 787 185 276 577 363 337 0 130 553 354 138 561 609 598 427 236 554 304 220 164 241 272 765 746 486 242 
622 22 478 487 277 533 127 302 615 822 70 363 573 309 207 130 0 453 339 251 431 579 581 363 229 479 434 350 34 237 189 662 643 538 184 
1074 441 735 640 280 955 529 153 811 1246 460 608 965 249 351 553 453 0 347 691 363 929 950 194 386 741 809 733 430 668 281 777 760 982 322 
896 347 797 766 95 860 321 249 919 1140 396 276 911 106 422 354 339 347 0 479 585 918 920 153 118 799 512 451 345 570 200 935 916 840 166 
417 269 573 642 460 428 166 538 723 682 284 327 513 498 448 138 251 691 479 0 668 570 547 563 364 570 235 164 282 222 410 808 790 375 380 
947 410 428 299 490 756 558 346 467 1030 384 757 726 485 224 561 431 363 585 668 0 656 694 476 545 436 865 781 397 531 400 416 399 827 453 
485 572 237 391 849 227 637 814 312 400 524 880 119 875 578 609 579 929 918 570 656 0 57 917 807 228 787 731 574 368 745 447 441 356 758 
430 576 285 439 855 175 628 830 369 348 530 864 63 882 599 598 581 950 920 547 694 57 0 928 807 276 757 705 579 358 754 504 497 304 763 
971 361 760 702 105 896 397 131 865 1185 399 422 928 67 362 427 363 194 153 563 476 917 928 0 214 764 641 571 354 600 176 861 842 899 185 
780 239 700 686 110 742 203 250 830 1022 292 227 794 147 352 236 229 386 118 364 545 807 807 214 0 702 427 357 241 453 145 859 840 722 92 
642 464 9 163 717 395 575 646 154 624 411 828 324 735 404 554 479 741 799 570 436 228 276 764 702 0 804 732 461 348 606 262 249 507 633 
504 456 808 874 537 613 310 662 958 818 488 254 713 574 641 304 434 809 512 235 865 787 757 641 427 804 0 84 468 456 536 1042 1024 522 488 
501 372 735 795 467 573 226 584 885 801 404 218 667 504 557 220 350 733 451 164 781 731 705 571 357 732 84 0 384 386 456 964 946 497 411 
644 13 460 460 276 542 161 282 594 832 51 391 576 304 173 164 34 430 345 282 397 574 579 354 241 461 468 384 0 246 178 635 616 554 184 
422 239 352 435 514 296 270 525 502 586 208 512 341 546 343 241 237 668 570 222 531 368 358 600 453 348 456 386 246 0 424 593 576 316 421 
807 185 603 566 111 720 248 129 721 1010 224 368 753 130 222 272 189 281 200 410 400 745 754 176 145 606 536 456 178 424 0 735 716 727 54 
901 642 255 175 843 649 778 731 136 844 592 1025 562 851 513 765 662 777 935 808 416 447 504 861 859 262 1042 964 635 593 735 0 19 766 776 
890 623 241 156 824 639 759 712 132 839 573 1006 554 832 494 746 643 760 916 790 399 441 497 842 840 249 1024 946 616 576 716 19 0 755 757 
135 545 515 653 804 129 519 836 641 307 522 698 243 839 657 486 538 982 840 375 827 356 304 899 722 507 522 497 554 316 727 766 755 0 714 
786 187 631 604 93 717 214 174 754 1004 234 314 757 125 264 242 184 322 166 380 453 758 763 185 92 633 488 411 184 421 54 776 757 714 0 
52
88
83
7
86
75
40
65
65
99
64
33
16
92
57
24
99
85
75
96
95
28
30
92
49
81
4
64
26
86
97
15
73
66
