25
0 941 739 337 328 773 1044 473 509 642 854 749 977 241 934 800 324 32 700 560 606 686 631 514 199 
941 0 548 747 749 649 106 471 648 340 459 478 42 700 160 674 625 953 453 687 437 788 349 685 941 
739 548 0 412 761 105 635 409 793 297 145 70 588 572 670 136 562 731 752 215 212 1017 562 248 624 
337 747 412 0 477 436 853 310 595 408 539 433 788 258 796 463 311 325 685 223 330 822 536 177 217 
328 749 761 477 0 833 841 367 184 543 831 740 776 219 696 867 199 358 402 660 565 367 401 615 480 
773 649 105 436 833 0 733 495 879 399 214 172 688 632 774 34 634 761 852 214 307 1107 662 259 634 
1044 106 635 853 841 733 0 576 727 445 532 565 67 803 182 756 725 1056 516 786 540 848 440 787 1047 
473 471 409 310 367 495 576 0 384 181 464 377 509 237 492 529 181 482 393 374 201 612 227 342 476 
509 648 793 595 184 879 727 384 0 526 831 756 667 349 563 913 284 538 236 739 582 231 307 699 644 
642 340 297 408 543 399 445 181 526 0 305 244 382 414 414 433 362 647 455 364 108 738 265 353 610 
854 459 145 539 831 214 532 464 831 305 0 106 495 664 601 230 636 850 748 359 266 1043 562 388 756 
749 478 70 433 740 172 565 377 756 244 106 0 518 564 602 201 543 744 699 261 176 976 509 285 650 
977 42 588 788 776 688 67 509 667 382 495 518 0 736 147 713 658 989 464 729 479 799 375 727 981 
241 700 572 258 219 632 803 237 349 414 664 564 736 0 695 664 88 256 489 446 400 569 394 399 306 
934 160 670 796 696 774 182 492 563 414 601 602 147 695 0 803 610 951 340 778 522 668 305 767 968 
800 674 136 463 867 34 756 529 913 433 230 201 713 664 803 0 668 788 886 240 341 1141 696 286 658 
324 625 562 311 199 634 725 181 284 362 636 543 658 88 610 668 0 341 402 468 370 513 307 424 392 
32 953 731 325 358 761 1056 482 538 647 850 744 989 256 951 788 341 0 724 548 606 718 648 502 171 
700 453 752 685 402 852 516 393 236 455 748 699 464 489 340 886 402 724 0 765 546 335 190 735 794 
560 687 215 223 660 214 786 374 739 364 359 261 729 446 778 240 468 548 765 0 256 970 585 47 420 
606 437 212 330 565 307 540 201 582 108 266 176 479 400 522 341 370 606 546 256 0 805 357 248 543 
686 788 1017 822 367 1107 848 612 231 738 1043 976 799 569 668 1141 513 718 335 970 805 0 489 930 847 
631 349 562 536 401 662 440 227 307 265 562 509 375 394 305 696 307 648 190 585 357 489 0 559 681 
514 685 248 177 615 259 787 342 699 353 388 285 727 399 767 286 424 502 735 47 248 930 559 0 379 
199 941 624 217 480 634 1047 476 644 610 756 650 981 306 968 658 392 171 794 420 543 847 681 379 0 
70
88
73
49
98
16
38
26
14
7
27
72
20
22
22
92
17
32
90
61
15
31
17
96
