10
0 658 740 920 684 980 493 345 780 281 
658 0 467 689 26 534 741 323 123 513 
740 467 0 229 468 265 483 466 484 464 
920 689 229 0 687 296 554 683 689 639 
684 26 468 687 0 522 758 348 97 535 
980 534 265 296 522 0 745 668 486 716 
493 741 483 554 758 745 0 488 826 290 
345 323 466 683 348 668 488 0 442 211 
780 123 484 689 97 486 826 442 0 621 
281 513 464 639 535 716 290 211 621 0 
91
30
33
70
74
42
10
16
7
