22
0 658 740 920 684 980 493 345 780 281 221 702 728 594 824 443 213 853 1051 955 782 294 
658 0 467 688 26 534 741 323 123 513 437 402 870 474 488 681 598 648 764 374 460 396 
740 467 0 229 468 265 483 466 484 464 568 65 491 160 89 454 556 181 334 386 53 469 
920 688 229 0 686 296 554 683 689 639 772 294 455 330 206 551 717 67 136 515 228 673 
684 26 468 686 0 522 758 348 97 535 463 404 882 484 484 699 621 648 758 353 458 420 
980 534 265 296 522 0 745 668 486 715 786 281 716 424 178 719 810 311 284 242 213 692 
493 741 483 554 758 745 0 488 826 290 480 492 235 337 567 65 291 492 688 846 536 419 
345 323 466 683 348 668 488 0 442 211 126 411 676 363 536 423 281 621 799 612 494 77 
780 123 484 689 97 486 826 442 0 621 559 424 930 529 483 770 710 657 743 285 464 512 
281 513 464 639 535 715 290 211 621 0 191 434 503 314 551 226 98 572 770 729 510 135 
221 437 568 772 463 786 480 126 559 191 0 520 694 443 644 416 215 708 896 738 602 99 
702 402 65 294 404 281 492 411 424 434 520 0 529 156 125 456 529 246 394 356 83 422 
728 870 491 455 882 716 235 676 930 503 694 529 0 401 554 287 522 412 571 877 538 618 
594 474 160 330 484 424 337 363 529 314 443 156 401 0 249 300 401 265 458 509 211 344 
824 488 89 206 484 178 567 536 483 551 644 125 554 249 0 541 644 182 279 332 42 546 
443 681 454 551 699 719 65 423 770 226 416 456 287 300 541 0 235 487 687 804 507 354 
213 598 556 717 621 810 291 281 710 98 215 529 522 401 644 235 0 650 851 827 603 204 
853 648 181 67 648 311 492 621 657 572 708 246 412 265 182 487 650 0 202 510 193 609 
1051 764 334 136 758 284 688 799 743 770 896 394 571 458 279 687 851 202 0 525 315 797 
955 374 386 515 353 242 846 612 285 729 738 356 877 509 332 804 827 510 525 0 340 662 
782 460 53 228 458 213 536 494 464 510 602 83 538 211 42 507 603 193 315 340 0 504 
294 396 469 673 420 692 419 77 512 135 99 422 618 344 546 354 204 609 797 662 504 0 
36
76
19
28
59
1
4
62
59
57
4
62
87
16
27
63
59
85
7
95
41
