12
0 658 740 920 684 980 493 345 780 281 221 702 
658 0 467 689 26 534 741 323 123 513 437 402 
740 467 0 229 468 265 483 466 484 464 568 65 
920 689 229 0 687 296 554 683 689 639 773 294 
684 26 468 687 0 522 758 348 97 535 463 404 
980 534 265 296 522 0 745 668 486 715 786 281 
493 741 483 554 758 745 0 488 826 290 480 492 
345 323 466 683 348 668 488 0 442 211 126 411 
780 123 484 689 97 486 826 442 0 621 559 424 
281 513 464 639 535 715 290 211 621 0 191 434 
221 437 568 773 463 786 480 126 559 191 0 520 
702 402 65 294 404 281 492 411 424 434 520 0 
65
71
81
63
71
85
9
41
82
35
99
