30
0 633 650 786 872 258 578 924 775 326 618 716 367 909 765 547 622 1074 896 417 947 485 430 972 780 642 504 501 644 422 
633 0 462 467 280 535 149 292 598 825 53 383 571 309 186 152 22 441 347 269 410 572 576 361 239 464 456 372 13 239 
650 462 0 154 714 404 575 641 150 633 409 828 333 732 399 555 478 735 797 573 428 237 285 760 700 9 808 735 460 352 
786 467 154 0 676 550 604 574 171 787 417 850 486 686 345 591 487 640 767 642 299 391 439 702 686 163 874 795 460 435 
872 280 714 676 0 810 295 159 832 1097 325 328 851 38 331 325 278 280 95 460 490 849 855 105 110 717 537 467 276 515 
258 535 404 550 810 0 545 818 520 291 501 755 115 842 613 513 533 955 860 428 756 227 175 896 742 395 613 573 542 296 
578 149 575 604 295 545 0 377 720 820 190 253 608 332 334 33 127 529 321 166 558 637 628 397 203 575 310 226 161 270 
924 292 641 574 159 818 377 0 740 1109 317 477 838 144 242 400 302 153 249 538 346 814 830 131 250 646 663 584 282 525 
775 598 150 171 832 520 720 740 0 708 545 973 428 845 504 702 615 811 919 723 467 312 369 865 830 154 958 885 594 502 
326 825 633 787 1097 291 820 1109 708 0 792 1006 304 1130 902 787 822 1246 1140 682 1030 400 348 1185 1022 624 818 801 832 586 
618 53 409 417 325 501 190 317 545 792 0 433 529 352 164 185 70 460 396 284 384 524 530 399 292 411 488 404 51 208 
716 383 828 850 328 755 253 477 973 1006 433 0 836 359 546 276 363 608 276 327 757 880 864 422 227 828 254 218 391 512 
367 571 333 486 851 115 608 838 428 304 529 836 0 880 614 577 573 965 911 513 726 119 63 928 794 324 713 667 576 341 
909 309 732 686 38 842 332 144 845 1130 352 359 880 0 342 363 309 249 106 498 485 875 882 67 147 735 574 504 304 546 
765 186 399 345 331 613 334 242 504 902 164 546 614 342 0 337 207 351 423 448 224 578 599 362 352 404 641 557 173 343 
547 152 555 591 325 513 33 400 702 787 185 276 577 363 337 0 130 553 354 138 561 609 598 427 236 554 304 220 164 241 
622 22 478 487 278 533 127 302 615 822 70 363 573 309 207 130 0 453 339 251 431 579 581 363 229 479 434 350 34 237 
1074 441 735 640 280 955 529 153 811 1246 460 608 965 249 351 553 453 0 347 691 363 929 950 194 386 741 809 733 430 668 
896 347 797 767 95 860 321 249 919 1140 396 276 911 106 423 354 339 347 0 479 585 918 920 153 118 799 512 451 345 570 
417 269 573 642 460 428 166 538 723 682 284 327 513 498 448 138 251 691 479 0 668 570 547 563 364 570 235 164 282 222 
947 410 428 299 490 756 558 346 467 1030 384 757 726 485 224 561 431 363 585 668 0 656 694 476 545 436 865 781 397 531 
485 572 237 391 849 227 637 814 312 400 524 880 119 875 578 609 579 929 918 570 656 0 57 917 807 228 787 731 574 368 
430 576 285 439 855 175 628 830 369 348 530 864 63 882 599 598 581 950 920 547 694 57 0 928 807 276 757 705 579 358 
972 361 760 702 105 896 397 131 865 1185 399 422 928 67 362 427 363 194 153 563 476 917 928 0 214 764 641 571 354 600 
780 239 700 686 110 742 203 250 830 1022 292 227 794 147 352 236 229 386 118 364 545 807 807 214 0 702 427 357 241 453 
642 464 9 163 717 395 575 646 154 624 411 828 324 735 404 554 479 741 799 570 436 228 276 764 702 0 804 732 461 348 
504 456 808 874 537 613 310 663 958 818 488 254 713 574 641 304 434 809 512 235 865 787 757 641 427 804 0 84 468 456 
501 372 735 795 467 573 226 584 885 801 404 218 667 504 557 220 350 733 451 164 781 731 705 571 357 732 84 0 384 386 
644 13 460 460 276 542 161 282 594 832 51 391 576 304 173 164 34 430 345 282 397 574 579 354 241 461 468 384 0 246 
422 239 352 435 515 296 270 525 502 586 208 512 341 546 343 241 237 668 570 222 531 368 358 600 453 348 456 386 246 0 
17
36
14
75
91
67
92
54
27
88
11
24
16
90
78
36
29
64
30
68
12
78
99
100
66
90
92
49
67
