15
0 699 447 337 776 710 850 456 415 848 514 607 575 760 775 
699 0 551 559 198 24 481 274 570 508 595 567 363 104 197 
447 551 0 110 503 574 444 302 692 951 76 831 686 652 722 
337 559 110 0 549 579 538 288 606 907 179 758 632 652 710 
776 198 503 549 0 217 294 320 737 703 523 758 554 280 381 
710 24 574 579 217 0 504 293 566 486 619 555 352 80 173 
850 481 444 538 294 504 0 458 941 989 418 1005 807 573 674 
456 274 302 288 320 293 458 0 485 653 363 576 402 364 424 
415 570 692 606 737 566 941 485 0 470 768 195 255 571 532 
848 508 951 907 703 486 989 653 470 0 1015 298 281 425 325 
514 595 76 179 523 619 418 363 768 1015 0 905 755 698 775 
607 567 831 758 758 555 1005 576 195 298 905 0 204 533 463 
575 363 686 632 554 352 807 402 255 281 755 204 0 335 281 
760 104 652 652 280 80 573 364 571 425 698 533 335 0 101 
775 197 722 710 381 173 674 424 532 325 775 463 281 101 0 
85
14
63
6
92
37
20
16
89
59
57
92
33
23
