8
0 479 468 297 365 238 479 450 
479 0 531 246 844 402 210 614 
468 531 0 322 715 635 689 889 
297 246 322 0 653 354 370 610 
365 844 715 653 0 521 815 589 
238 402 635 354 521 0 302 257 
479 210 689 370 815 302 0 446 
450 614 889 610 589 257 446 0 
92
100
8
82
69
21
71
