12
0 139 287 332 234 72 726 361 473 399 230 398 
139 0 426 256 351 75 856 299 605 442 317 460 
287 426 0 562 202 354 463 570 242 441 291 398 
332 256 562 0 566 270 903 52 786 327 556 377 
234 351 202 566 0 302 654 591 265 561 93 536 
72 75 354 270 302 0 781 303 545 392 286 402 
726 856 463 903 654 781 0 888 498 626 746 562 
361 299 570 52 591 303 888 0 801 292 588 347 
473 605 242 786 265 545 498 801 0 682 343 635 
399 442 441 327 561 392 626 292 682 0 604 64 
230 317 291 556 93 286 746 588 343 604 0 587 
398 460 398 377 536 402 562 347 635 64 587 0 
27
58
47
67
93
68
83
85
94
85
98
