10
0 941 739 337 328 773 1045 473 509 642 
941 0 548 747 749 649 106 471 648 340 
739 548 0 412 762 105 635 409 793 297 
337 747 412 0 477 436 853 310 595 408 
328 749 762 477 0 833 842 367 184 543 
773 649 105 436 833 0 733 495 879 399 
1045 106 635 853 842 733 0 577 727 445 
473 471 409 310 367 495 577 0 384 181 
509 648 793 595 184 879 727 384 0 526 
642 340 297 408 543 399 445 181 526 0 
63
31
66
51
16
92
95
94
99
