8
0 633 650 786 872 258 578 925 
633 0 463 467 280 535 149 292 
650 463 0 154 714 404 575 641 
786 467 154 0 676 550 604 574 
872 280 714 676 0 810 295 159 
258 535 404 550 810 0 545 818 
578 149 575 604 295 545 0 377 
925 292 641 574 159 818 377 0 
23
4
30
19
96
16
100
