10
0 139 287 332 234 72 726 361 473 399 
139 0 426 256 351 75 856 299 605 442 
287 426 0 562 202 354 463 570 242 441 
332 256 562 0 566 270 903 52 786 327 
234 351 202 566 0 302 654 591 265 561 
72 75 354 270 302 0 781 303 545 392 
726 856 463 903 654 781 0 888 498 627 
361 299 570 52 591 303 888 0 801 292 
473 605 242 786 265 545 498 801 0 682 
399 442 441 327 561 392 627 292 682 0 
53
17
99
74
95
25
84
61
19
