22
0 692 356 25 492 434 58 772 624 279 649 151 685 533 716 190 715 254 433 405 475 804 
692 0 550 712 209 314 713 436 122 503 54 755 686 768 509 633 179 595 521 700 616 592 
356 550 0 359 353 238 328 829 439 107 532 302 883 806 825 473 661 503 611 680 694 924 
25 712 359 0 511 449 41 797 643 288 670 133 707 552 741 212 739 278 457 424 497 828 
492 209 353 511 0 117 508 509 134 295 180 546 662 679 538 465 309 443 431 583 532 635 
434 314 238 449 117 0 438 617 211 194 294 460 736 719 634 453 426 448 483 609 581 733 
58 713 328 41 508 438 0 819 637 266 673 93 743 591 768 248 749 312 488 463 533 857 
772 436 829 797 509 617 819 0 529 738 400 898 334 522 120 614 259 547 369 530 405 165 
624 122 439 643 134 211 637 529 0 405 132 668 740 788 585 598 285 572 537 702 637 676 
279 503 107 288 295 194 266 738 405 0 475 270 776 699 726 371 590 397 504 574 587 825 
649 54 532 670 180 294 673 400 132 475 0 720 637 714 466 582 153 543 467 646 562 553 
151 755 302 133 546 460 93 898 668 270 720 0 835 684 853 341 809 404 577 556 625 944 
685 686 883 707 662 736 743 334 740 776 637 835 0 232 214 495 539 431 273 310 210 214 
533 768 806 552 679 719 591 522 788 699 714 684 232 0 406 348 662 304 251 129 152 438 
716 509 825 741 538 634 768 120 585 726 466 853 214 406 0 544 344 475 290 428 302 99 
190 633 473 212 465 453 248 614 598 371 582 341 495 348 544 0 609 69 254 219 285 625 
715 179 661 739 309 426 749 259 285 590 153 809 539 662 344 609 0 556 433 619 514 420 
254 595 503 278 443 448 312 547 572 397 543 404 431 304 475 69 556 0 185 177 221 556 
433 521 611 457 431 483 488 369 537 504 467 577 273 251 290 254 433 185 0 186 101 372 
405 700 680 424 583 609 463 530 702 574 646 556 310 129 428 219 619 177 186 0 126 486 
475 616 694 497 532 581 533 405 637 587 562 625 210 152 302 285 514 221 101 126 0 363 
804 592 924 828 635 733 857 165 676 825 553 944 214 438 99 625 420 556 372 486 363 0 
25
55
30
66
6
5
73
69
99
99
86
68
54
44
26
75
15
99
13
35
5
