15
0 141 408 646 703 482 744 225 697 860 700 519 450 910 500 
141 0 488 779 786 623 881 312 805 1001 841 657 480 1046 635 
408 488 0 432 298 451 547 183 340 715 686 396 174 686 605 
646 779 432 0 418 246 115 505 257 285 351 148 603 269 430 
703 786 298 418 0 579 505 480 172 680 761 483 372 582 769 
482 623 451 246 579 0 300 426 456 381 244 105 618 461 194 
744 881 547 115 505 300 0 616 334 177 315 227 717 166 457 
225 312 183 505 480 426 616 0 493 763 669 414 252 774 529 
697 805 340 257 172 456 334 493 0 508 607 352 473 412 650 
860 1001 715 285 680 381 177 763 508 0 261 350 888 171 474 
700 841 686 351 761 244 315 669 607 261 0 295 857 415 234 
519 657 396 148 483 105 227 414 352 350 295 0 569 393 299 
450 480 174 603 372 618 717 252 473 888 857 569 0 850 757 
910 1046 686 269 582 461 166 774 412 171 415 393 850 0 599 
500 635 605 430 769 194 457 529 650 474 234 299 757 599 0 
34
69
48
62
8
30
62
54
62
97
18
78
9
16
