40
0 139 287 332 233 72 726 361 473 399 230 398 267 391 534 834 428 589 298 748 361 578 607 644 252 756 634 851 47 281 745 371 337 250 193 108 330 237 174 262 
139 0 426 256 351 75 856 299 605 442 317 460 333 528 555 934 537 693 354 880 500 536 617 739 148 832 752 969 120 371 883 297 466 387 315 147 256 376 296 384 
287 426 0 562 202 354 463 570 242 441 291 398 323 119 583 658 281 427 383 478 84 730 666 499 525 651 421 627 318 269 467 592 126 59 189 341 557 52 197 153 
332 256 562 0 565 270 903 52 786 327 556 377 301 628 381 878 540 662 606 935 646 287 419 683 364 727 756 958 346 370 1027 41 543 507 524 395 7 526 506 452 
233 351 202 565 0 302 654 590 265 561 93 536 425 318 706 860 469 624 181 663 223 796 787 693 397 838 623 828 232 399 563 603 322 221 42 216 562 163 59 308 
72 75 354 270 302 0 781 303 545 392 286 402 271 453 516 865 464 622 341 805 430 531 584 670 212 770 678 895 76 302 815 310 391 313 262 131 268 306 243 309 
726 856 463 903 654 781 0 888 498 626 746 562 602 344 708 357 367 308 833 40 431 944 775 357 977 501 186 222 766 533 381 918 390 480 650 800 896 514 660 474 
361 299 570 52 590 303 888 0 801 292 588 347 287 628 334 844 521 635 643 921 654 239 369 651 414 687 734 931 379 358 1030 32 540 513 549 432 47 538 531 450 
473 605 242 786 265 545 498 801 0 682 343 635 565 267 822 792 487 598 401 494 166 972 905 674 662 838 545 709 485 511 303 820 340 301 293 480 782 264 311 394 
399 442 441 327 561 392 626 292 682 0 604 64 138 443 145 552 266 349 688 663 517 322 227 359 589 405 457 643 443 172 843 324 353 384 521 506 320 435 511 288 
230 317 291 556 93 286 746 588 343 604 0 587 466 408 746 942 545 703 94 756 316 808 824 770 331 908 711 918 210 452 645 596 404 300 103 170 554 246 102 376 
398 460 398 377 536 402 562 347 635 64 587 0 131 388 187 502 202 288 675 599 469 386 270 306 608 372 393 584 444 137 783 379 300 343 498 506 370 398 490 245 
267 333 323 301 425 271 602 287 565 138 466 131 0 352 281 609 239 375 550 635 404 408 362 411 480 499 458 666 313 71 758 316 261 264 384 375 294 308 374 177 
391 528 119 628 318 453 344 628 267 443 408 388 352 0 574 554 220 338 499 361 117 755 657 413 638 574 310 510 427 284 406 653 91 141 308 457 622 170 316 178 
534 555 583 381 706 516 708 334 822 145 746 187 281 574 0 557 375 405 827 748 656 250 83 388 698 370 526 681 575 316 964 363 487 528 665 638 375 580 655 430 
834 934 658 878 860 865 357 844 792 552 942 502 609 554 557 0 407 245 1036 390 670 807 592 198 1077 211 247 175 881 563 737 876 538 642 839 933 871 697 842 580 
428 537 281 540 469 464 367 521 487 266 545 202 239 220 375 407 0 162 639 401 327 588 454 225 675 370 220 434 475 175 589 552 155 248 443 526 533 308 443 173 
589 693 427 662 624 622 308 635 598 349 703 288 375 338 405 245 162 0 797 348 455 649 467 76 834 240 122 296 636 322 627 667 302 403 600 688 655 461 602 335 
298 354 383 606 181 341 833 643 401 688 94 675 550 499 827 1036 639 797 0 842 402 872 904 864 326 1002 804 1009 267 542 703 647 498 394 197 211 605 340 196 470 
748 880 478 935 663 805 40 921 494 663 756 599 635 361 748 390 401 348 842 0 440 982 815 397 997 540 226 245 786 565 354 951 414 500 662 818 928 530 673 501 
361 500 84 646 223 430 431 654 166 517 316 469 404 117 656 670 327 455 402 440 0 812 739 530 588 689 425 617 386 346 385 676 176 143 226 401 641 125 240 229 
578 536 730 287 796 531 944 239 972 322 808 386 408 755 250 807 588 649 872 982 812 0 224 637 651 612 767 930 605 472 1161 249 664 671 754 662 285 710 738 585 
607 617 666 419 787 584 775 369 905 227 824 270 362 657 83 592 454 467 904 815 739 224 0 439 756 391 589 729 647 399 1043 394 570 611 746 710 414 662 735 513 
644 739 499 683 693 670 357 651 674 359 770 306 411 413 388 198 225 76 864 397 530 637 439 0 882 165 174 293 691 368 694 683 373 472 668 746 676 531 668 398 
252 148 525 364 397 212 977 414 662 589 331 608 480 638 698 1077 675 834 326 997 588 651 756 882 0 979 886 1103 211 514 957 404 589 497 373 187 367 473 355 514 
756 832 651 727 838 770 501 687 838 405 908 372 499 574 370 211 370 240 1002 540 689 612 391 165 979 0 331 374 803 475 855 718 525 617 809 863 720 677 806 532 
634 752 421 756 623 678 186 734 545 457 711 393 458 310 526 247 220 122 804 226 425 767 589 174 886 331 0 217 679 395 525 765 310 414 608 725 749 465 613 372 
851 969 627 958 828 895 222 931 709 643 918 584 666 510 681 175 434 296 1009 245 617 930 729 293 1103 374 217 0 896 607 599 963 524 627 816 941 951 674 822 589 
47 120 318 346 232 76 766 379 485 443 210 444 313 427 575 881 475 636 267 786 386 605 647 691 211 803 679 896 0 328 766 386 378 286 195 63 344 266 176 307 
281 371 269 370 399 302 533 358 511 172 452 137 71 284 316 563 175 322 542 565 346 472 399 368 514 475 395 607 328 0 690 386 193 212 361 388 363 264 354 117 
745 883 467 1027 563 815 381 1030 303 843 645 783 758 406 964 737 589 627 703 354 385 1161 1043 694 957 855 525 599 766 690 0 1054 497 520 584 771 1021 510 602 583 
371 297 592 41 603 310 918 32 820 324 596 379 316 653 363 876 552 667 647 951 676 249 394 683 404 718 765 963 386 386 1054 0 566 535 561 436 42 557 544 475 
337 466 126 543 322 391 390 540 340 353 404 300 261 91 487 538 155 302 498 414 176 664 570 373 589 525 310 524 378 193 497 566 0 104 301 419 537 159 304 91 
250 387 59 507 221 313 480 513 301 384 300 343 264 141 528 642 248 403 394 500 143 671 611 472 497 617 414 627 286 212 520 535 104 0 197 320 501 60 200 99 
193 315 189 524 42 262 650 549 293 521 103 498 384 308 665 839 443 600 197 662 226 754 746 668 373 809 608 816 195 361 584 561 301 197 0 187 521 143 19 277 
108 147 341 395 216 131 800 432 480 506 170 506 375 457 638 933 526 688 211 818 401 662 710 746 187 863 725 941 63 388 771 436 419 320 187 0 394 289 169 356 
330 256 557 7 562 268 896 47 782 320 554 370 294 622 375 871 533 655 605 928 641 285 414 676 367 720 749 951 344 363 1021 42 537 501 521 394 0 521 503 446 
237 376 52 526 163 306 514 538 264 435 246 398 308 170 580 697 308 461 340 530 125 710 662 531 473 677 465 674 266 264 510 557 159 60 143 289 521 0 148 156 
174 296 197 506 59 243 660 531 311 511 102 490 374 316 655 842 443 602 196 673 240 738 735 668 355 806 613 822 176 354 602 544 304 200 19 169 503 148 0 274 
262 384 153 452 308 309 474 450 394 288 376 245 177 178 430 580 173 335 470 501 229 585 513 398 514 532 372 589 307 117 583 475 91 99 277 356 446 156 274 0 
66
30
15
70
60
73
71
26
49
24
33
3
46
19
16
89
10
78
10
93
29
9
52
87
94
92
63
84
61
13
55
23
53
3
82
74
43
48
37
