45
0 699 447 337 776 710 850 456 415 848 514 607 575 759 775 709 684 948 184 662 653 590 300 725 1105 424 679 920 854 451 939 501 309 758 62 672 570 743 416 155 469 255 27 785 672 
699 0 551 559 198 24 481 274 570 508 595 567 363 104 197 198 467 333 557 462 353 629 438 623 409 522 603 349 548 302 320 583 593 453 643 518 255 580 301 556 357 511 672 573 515 
447 551 0 110 503 574 444 302 692 950 76 831 686 652 722 434 265 646 473 809 739 152 234 939 878 668 898 886 428 514 869 764 623 866 392 848 304 299 303 425 195 503 430 949 846 
337 559 110 0 549 579 538 288 606 906 179 758 631 652 710 479 362 707 374 750 692 256 162 870 918 587 827 874 530 460 865 683 528 818 283 785 335 407 274 324 214 412 320 890 783 
776 198 503 549 0 217 294 320 737 703 523 758 554 280 381 70 331 174 669 659 551 533 481 819 375 691 798 512 368 460 462 762 739 651 714 715 215 433 360 653 336 639 749 771 711 
710 24 574 579 217 0 504 293 566 486 619 555 352 80 173 222 491 344 564 446 337 653 455 607 402 518 588 325 572 302 296 575 593 434 655 503 279 604 318 565 379 516 683 555 499 
850 481 444 538 294 504 0 458 940 989 418 1005 807 573 674 284 179 311 803 923 820 385 558 1081 582 900 1053 806 79 675 754 985 914 931 788 977 330 208 496 770 388 797 827 1047 973 
456 274 302 288 320 293 458 0 485 653 363 576 402 364 424 255 343 494 357 526 445 417 169 672 660 447 635 588 493 239 577 537 457 572 395 572 131 448 41 335 119 342 429 666 570 
415 570 692 606 737 566 940 485 0 470 768 195 255 571 532 695 825 898 251 282 325 841 459 310 951 48 264 627 978 277 674 86 107 388 408 273 610 923 452 301 584 195 400 382 274 
848 508 950 906 703 486 989 653 470 0 1015 298 281 425 325 706 955 798 664 190 214 1070 744 239 710 440 261 275 1055 446 349 404 569 91 820 203 718 1069 647 701 772 593 826 132 201 
514 595 76 179 523 619 418 363 768 1015 0 905 755 698 775 458 242 652 548 878 805 77 309 1011 897 743 971 937 389 583 915 839 699 932 462 919 342 247 369 500 247 579 499 1018 917 
607 567 831 758 758 555 1005 576 195 298 905 0 204 533 463 733 917 899 433 136 232 973 600 118 895 184 72 511 1055 337 571 113 302 231 594 96 684 1024 552 481 689 369 591 191 99 
575 363 686 631 554 352 807 402 255 281 755 204 0 335 281 531 734 696 392 124 78 817 469 275 709 209 246 375 861 172 419 234 327 190 543 172 496 845 388 424 521 321 552 264 169 
759 104 652 652 280 80 573 364 571 425 698 533 335 0 101 296 571 379 603 412 303 733 521 570 380 523 556 245 644 327 217 568 612 383 707 469 359 683 385 609 457 548 732 506 465 
775 197 722 710 381 173 674 424 532 325 775 463 281 101 0 395 664 474 606 334 231 816 567 486 432 485 478 164 744 326 164 515 589 290 728 390 442 777 437 621 528 544 749 414 386 
709 198 434 479 70 222 284 255 695 706 458 733 531 296 395 0 282 239 610 643 537 473 413 802 444 650 777 538 350 419 496 727 690 647 647 698 145 391 296 590 266 584 683 763 694 
684 467 265 362 331 491 179 343 825 955 242 917 734 571 664 282 0 426 657 856 762 221 404 1008 687 790 975 816 170 580 777 880 784 884 623 906 239 114 374 619 244 663 662 990 903 
948 333 646 707 174 344 311 494 898 798 652 899 696 379 474 239 426 0 843 787 678 646 652 947 271 851 931 564 389 623 498 916 908 762 886 844 383 504 534 827 499 811 922 885 840 
184 557 473 374 669 564 803 357 251 664 548 433 392 603 606 610 657 843 0 479 470 625 255 551 966 249 505 744 823 280 768 336 157 574 161 492 487 739 316 51 416 71 162 605 491 
662 462 809 750 659 446 923 526 282 190 878 136 124 412 334 643 856 787 479 0 109 941 588 161 765 250 144 375 980 295 435 223 379 106 637 57 617 968 512 518 645 408 641 140 53 
653 353 739 692 551 337 820 445 325 214 805 232 78 303 231 537 762 678 470 109 0 862 530 270 663 282 253 302 879 232 352 291 404 127 619 166 523 875 436 501 564 399 629 228 162 
590 629 152 256 533 653 385 417 841 1070 77 973 817 733 816 473 221 646 625 941 862 0 382 1078 902 816 1038 977 344 647 949 912 775 989 539 983 375 193 429 577 298 654 576 1081 981 
300 438 234 162 481 455 558 169 459 744 309 600 469 521 567 413 404 652 255 588 530 382 0 710 829 434 668 728 573 298 727 530 395 656 238 623 270 484 137 215 171 273 275 728 621 
725 623 939 870 819 607 1081 672 310 239 1011 118 275 570 486 802 1008 947 551 161 270 1078 710 0 910 302 46 494 1136 433 563 226 417 207 712 105 771 1118 651 599 788 487 708 108 108 
1105 409 878 918 375 402 582 660 951 710 897 895 709 380 432 444 687 271 966 765 663 902 829 910 0 903 907 437 660 702 362 943 991 705 1047 819 583 772 695 964 704 918 1078 825 815 
424 522 668 587 691 518 900 447 48 440 743 184 209 523 485 650 790 851 249 250 282 816 434 302 903 0 256 584 940 231 628 96 129 354 410 249 570 890 416 297 550 185 407 362 250 
679 603 898 827 798 588 1053 635 264 261 971 72 246 556 478 777 975 931 505 144 253 1038 668 46 907 256 0 502 1107 396 568 180 371 213 666 88 738 1083 614 553 751 441 662 137 92 
920 349 886 874 512 325 806 588 627 275 937 511 375 245 164 538 816 564 744 375 302 977 728 494 437 584 502 0 880 469 75 590 702 289 876 420 602 928 600 765 692 677 894 398 416 
854 548 428 530 368 572 79 493 978 1055 389 1055 861 644 744 350 170 389 823 980 879 344 573 1136 660 940 1107 880 0 721 829 1028 945 993 793 1032 372 153 528 787 407 825 832 1107 1029 
451 302 514 460 460 302 675 239 277 446 583 337 172 327 326 419 580 623 280 295 232 647 298 433 702 231 396 469 721 0 488 310 291 358 407 336 349 687 218 296 355 221 425 435 334 
939 320 869 865 462 296 754 577 674 349 915 571 419 217 164 496 777 498 768 435 352 949 727 563 362 628 568 75 829 488 0 643 741 356 892 483 575 887 594 784 674 705 913 470 480 
501 583 764 683 762 575 985 537 86 404 839 113 234 568 515 727 880 916 336 223 291 912 530 226 943 96 180 590 1028 310 643 0 193 328 494 201 656 982 507 386 643 277 486 304 203 
309 593 623 528 739 593 914 457 107 569 699 302 327 612 589 690 784 908 157 379 404 775 395 417 991 129 371 702 945 291 741 193 0 483 307 376 587 874 418 208 540 122 296 487 377 
758 453 866 818 651 434 931 572 388 91 932 231 190 383 290 647 884 762 574 106 127 989 656 207 705 354 213 289 993 358 356 328 483 0 729 135 645 997 563 610 691 503 736 124 132 
62 643 392 283 714 655 788 395 408 820 462 594 543 707 728 647 623 886 161 637 619 539 238 712 1047 410 666 876 793 407 892 494 307 729 0 652 508 685 355 119 407 230 39 765 651 
672 518 848 785 715 503 977 572 273 203 919 96 172 469 390 698 906 844 492 57 166 983 623 105 819 249 88 420 1032 336 483 201 376 135 652 0 668 1017 554 534 691 422 653 113 4 
570 255 304 335 215 279 330 131 610 718 342 684 496 359 442 145 239 383 487 617 523 375 270 771 583 570 738 602 372 349 575 656 587 645 508 668 0 352 171 462 121 473 544 751 665 
743 580 299 407 433 604 208 448 923 1069 247 1024 845 683 777 391 114 504 739 968 875 193 484 1118 772 890 1083 928 153 687 887 982 874 997 685 1017 352 0 475 697 340 752 724 1103 1014 
416 301 303 274 360 318 496 41 452 647 369 552 388 385 437 296 374 534 316 512 436 429 137 651 695 416 614 600 528 218 594 507 418 563 355 554 171 475 0 294 137 302 389 652 552 
155 556 425 324 653 565 770 335 301 701 500 481 424 609 621 590 619 827 51 518 501 577 215 599 964 297 553 765 787 296 784 386 208 610 119 534 462 697 294 0 382 113 129 647 534 
469 357 195 214 336 379 388 119 584 772 247 689 521 457 528 266 244 499 416 645 564 298 171 788 704 550 751 692 407 355 674 643 540 691 407 691 121 340 137 382 0 419 445 785 688 
255 511 503 412 639 516 797 342 195 593 579 369 321 548 544 584 663 811 71 408 399 654 273 487 918 185 441 677 825 221 705 277 122 503 230 422 473 752 302 113 419 0 233 535 421 
27 672 430 320 749 683 827 429 400 826 499 591 552 732 749 683 662 922 162 641 629 576 275 708 1078 407 662 894 832 425 913 486 296 736 39 653 544 724 389 129 445 233 0 766 652 
785 573 949 890 771 555 1047 666 382 132 1018 191 264 506 414 763 990 885 605 140 228 1081 728 108 825 362 137 398 1107 435 470 304 487 124 765 113 751 1103 652 647 785 535 766 0 114 
672 515 846 783 711 499 973 570 274 201 917 99 169 465 386 694 903 840 491 53 162 981 621 108 815 250 92 416 1029 334 480 203 377 132 651 4 665 1014 552 534 688 421 652 114 0 
97
27
79
3
56
85
6
81
19
22
72
51
33
34
20
77
29
52
54
91
89
37
35
91
11
63
37
93
80
96
16
100
61
94
73
26
36
39
72
42
56
81
56
34
