10
0 238 201 603 276 306 103 589 176 683 
238 0 422 369 293 318 163 417 283 747 
201 422 0 768 453 480 304 790 337 583 
603 369 768 0 606 621 531 441 638 891 
276 293 453 606 0 30 201 392 117 953 
306 318 480 621 30 0 231 383 143 983 
103 163 304 531 201 231 0 486 137 754 
589 417 790 441 392 383 486 0 495 1159 
176 283 337 638 117 143 137 495 0 859 
683 747 583 891 953 983 754 1159 859 0 
65
12
70
66
95
68
91
78
94
