12
0 238 201 603 276 306 103 589 176 683 430 488 
238 0 422 369 293 318 163 417 283 747 374 706 
201 422 0 768 453 480 304 790 337 583 469 429 
603 369 768 0 606 621 531 441 638 891 477 1074 
276 293 453 606 0 30 201 392 117 953 642 525 
306 318 480 621 30 0 231 383 143 983 671 531 
103 163 304 531 201 231 0 486 137 754 450 543 
589 417 790 441 392 383 486 0 495 1159 761 914 
176 283 337 638 117 143 137 495 0 859 584 445 
683 747 583 891 953 983 754 1159 859 0 418 986 
430 374 469 477 642 671 450 761 584 418 0 886 
488 706 429 1074 525 531 543 914 445 986 886 0 
39
53
18
59
93
12
90
2
69
55
30
