55
0 479 468 297 365 238 478 450 40 361 637 93 260 258 327 158 420 355 384 631 161 527 671 532 381 378 548 596 274 355 415 366 248 651 456 383 478 561 583 311 155 471 297 365 411 723 533 118 514 617 497 326 267 469 535 
479 0 530 246 844 402 210 614 444 552 662 507 271 727 781 380 139 559 198 224 566 995 759 53 335 852 913 1009 742 733 852 799 486 1119 894 537 14 993 891 765 568 884 520 677 809 771 956 482 267 581 282 708 549 665 878 
468 530 0 322 714 635 689 889 439 140 171 394 552 669 750 331 391 796 333 754 629 730 237 562 706 752 492 628 686 820 847 505 685 834 883 103 517 645 1051 738 386 917 737 832 458 270 599 575 748 157 287 791 242 169 441 
297 246 322 0 653 354 370 610 257 312 480 289 243 554 624 154 135 528 88 458 433 771 559 292 391 671 667 767 571 626 709 564 424 893 751 302 237 754 829 608 340 759 473 603 567 587 715 354 427 421 207 597 303 430 632 
365 844 714 653 0 520 815 589 403 575 855 367 603 132 144 500 783 517 741 978 315 239 843 897 677 50 484 433 126 317 206 274 468 342 219 611 843 367 516 151 339 287 488 412 360 909 372 385 837 871 837 307 473 627 509 
238 402 635 354 520 0 302 257 236 560 806 327 133 388 419 308 418 175 416 472 205 728 862 450 158 511 786 827 398 335 470 597 84 848 511 572 408 786 494 403 392 489 123 275 648 904 763 144 317 763 552 312 484 680 772 
478 210 689 370 815 302 0 446 455 675 839 540 218 685 721 446 323 415 366 170 504 1004 926 229 170 809 994 1065 696 630 772 840 377 1127 813 670 224 1036 744 705 609 785 392 552 870 948 1005 430 60 767 480 610 640 797 967 
450 614 889 610 589 257 446 0 464 802 1060 543 375 467 450 558 661 95 667 603 325 825 1110 652 282 558 968 979 467 287 447 758 205 931 476 819 623 925 305 439 598 421 153 183 825 1156 913 332 424 1020 803 287 716 917 967 
40 444 439 257 403 236 455 464 0 339 609 92 238 297 367 120 381 369 344 602 193 557 649 497 369 417 556 613 314 389 454 385 259 681 495 359 441 581 614 351 161 509 311 393 423 699 552 137 493 585 457 360 252 453 539 
361 552 140 312 575 560 675 802 339 0 287 275 503 536 617 254 420 708 358 770 517 593 310 593 658 614 385 510 553 702 714 367 597 700 750 38 541 519 936 607 254 787 649 725 327 364 474 476 730 296 365 673 106 123 340 
637 662 171 480 855 806 839 1060 609 287 0 558 718 823 904 502 524 967 473 885 797 834 113 685 871 896 544 690 840 985 1001 618 856 926 1037 257 648 723 1219 894 541 1074 908 1002 554 109 677 746 899 96 388 956 393 237 490 
93 507 394 289 367 327 540 543 92 275 558 0 326 286 365 135 423 448 376 681 242 488 585 558 461 392 464 525 303 427 460 300 341 612 498 301 502 496 661 351 70 525 390 450 332 639 465 211 581 548 470 398 176 378 447 
260 271 552 243 603 133 218 375 238 503 718 326 0 477 521 253 287 303 292 375 303 786 787 320 155 603 787 851 490 462 586 623 217 909 628 507 276 819 627 505 396 614 256 408 658 822 790 222 255 664 428 438 448 626 765 
258 727 669 554 132 388 685 467 297 536 823 286 477 0 81 408 678 390 641 851 183 359 829 780 545 126 540 521 17 218 178 319 336 471 214 569 727 463 446 71 283 253 357 300 401 891 456 256 705 826 750 200 430 611 553 
327 781 750 624 144 419 721 450 367 617 904 365 521 81 0 481 743 384 711 889 218 383 910 834 571 108 605 571 65 173 97 385 354 482 133 650 783 507 381 16 364 174 363 269 470 972 507 300 736 907 823 164 511 692 622 
158 380 331 154 500 308 446 558 120 254 502 135 253 408 481 0 288 465 242 570 313 619 554 430 406 521 549 632 425 509 572 419 354 742 612 264 374 613 731 466 189 629 406 507 433 598 577 248 495 470 342 480 196 376 521 
420 139 391 135 783 418 323 661 381 420 524 423 287 678 743 288 0 590 62 363 540 906 620 173 403 798 793 898 694 726 824 699 498 1028 866 402 126 888 911 727 475 866 541 688 698 633 848 456 383 447 158 698 431 529 754 
355 559 796 528 517 175 415 95 369 708 967 448 303 390 384 465 590 0 591 582 235 749 1016 603 245 491 878 892 392 240 399 668 111 859 434 725 567 841 332 372 503 390 59 144 734 1063 826 237 406 931 727 230 621 822 874 
384 198 333 88 741 416 366 667 344 358 473 376 292 641 711 242 62 591 0 422 516 855 565 235 425 759 732 838 658 707 795 644 492 976 837 340 186 830 904 695 425 843 539 678 640 582 790 435 426 401 136 678 371 467 692 
631 224 754 458 978 472 170 603 602 770 885 681 375 851 889 570 363 582 422 0 672 1158 982 201 337 976 1118 1202 863 800 942 981 547 1282 983 757 237 1177 905 873 748 955 562 720 1003 994 1144 595 179 801 499 780 755 885 1085 
161 566 629 433 315 205 504 325 193 517 797 242 303 183 218 313 540 235 516 672 0 531 827 618 362 306 643 659 193 196 286 433 157 648 328 542 568 609 422 202 283 327 188 208 500 881 593 84 522 778 640 167 418 620 642 
527 995 730 771 239 728 1004 825 557 593 834 488 786 359 383 619 906 749 855 1158 531 0 792 1046 884 280 341 235 358 556 432 226 688 124 433 631 990 165 744 390 431 507 715 651 280 861 193 584 1035 877 923 546 513 597 386 
671 759 237 559 843 862 926 1110 649 310 113 585 787 829 910 554 620 1016 565 982 827 792 0 785 942 888 478 624 845 1008 1007 588 905 872 1039 291 745 665 1245 900 555 1082 957 1035 514 69 620 786 985 209 493 980 410 218 424 
532 53 562 292 897 450 229 652 497 593 685 558 320 780 834 430 173 603 235 201 618 1046 785 0 371 905 959 1058 795 782 904 849 534 1170 946 575 56 1043 935 818 619 934 565 724 858 794 1005 534 281 600 298 758 595 702 923 
381 335 706 391 677 158 170 282 369 658 871 461 155 545 571 406 403 245 425 337 362 884 942 371 0 667 925 977 555 465 613 747 218 1005 652 662 346 939 575 555 530 620 225 383 791 976 914 300 167 812 558 447 599 781 907 
378 852 752 671 50 511 809 558 417 614 896 392 603 126 108 521 798 491 759 976 306 280 888 905 667 0 534 482 113 279 157 324 453 374 169 649 852 415 468 119 371 237 467 377 410 953 422 381 828 909 861 272 510 671 559 
548 913 492 667 484 786 994 968 556 385 544 464 787 540 605 549 793 878 732 1118 643 341 478 959 925 534 0 146 550 758 687 221 784 400 703 416 904 192 984 603 395 768 827 828 144 546 150 653 1040 609 750 738 364 326 54 
596 1009 628 767 433 827 1065 979 613 510 690 525 851 521 571 632 898 892 838 1202 659 235 624 1058 977 482 146 0 527 738 639 230 810 263 648 544 1002 70 949 573 456 719 847 821 200 692 66 686 1106 752 873 721 467 467 200 
274 742 686 571 126 398 696 467 314 553 840 303 490 17 65 425 694 392 658 863 193 358 845 795 555 113 550 527 0 211 162 329 343 467 197 586 742 467 435 56 300 238 362 296 412 907 462 268 715 843 767 195 447 627 564 
355 733 820 626 317 335 630 287 389 702 985 427 462 218 173 509 726 240 707 800 196 556 1008 782 465 279 758 738 211 0 160 537 254 653 194 728 738 677 238 167 453 155 240 104 618 1065 673 272 632 971 833 29 598 794 769 
415 852 847 709 206 470 772 447 454 714 1001 460 586 178 97 572 824 399 795 942 286 432 1007 904 613 157 687 639 162 160 0 471 396 515 42 747 854 572 312 109 461 81 392 264 557 1069 578 370 780 1003 911 169 608 789 708 
366 799 505 564 274 597 840 758 385 367 618 300 623 319 385 419 699 668 644 981 433 226 588 849 747 324 221 230 329 537 471 0 582 338 491 405 793 196 764 383 233 552 621 609 86 656 167 456 878 654 702 517 289 381 237 
248 486 685 424 468 84 377 205 259 597 856 341 217 336 354 354 498 111 492 547 157 688 905 534 218 453 784 810 343 254 396 582 0 805 436 614 492 764 413 339 399 409 52 191 642 952 745 131 384 821 627 233 511 712 776 
651 1119 834 893 342 848 1127 931 681 700 926 612 909 471 482 742 1028 859 976 1282 648 124 872 1170 1005 374 400 263 467 653 515 338 805 0 507 738 1114 208 822 492 553 582 828 751 376 941 252 705 1157 975 1040 646 627 691 451 
456 894 883 751 219 511 813 476 495 750 1037 498 628 214 133 612 866 434 837 983 328 433 1039 946 652 169 703 648 197 194 42 491 436 507 0 783 896 580 315 147 497 75 429 295 577 1102 589 412 819 1040 952 206 644 821 728 
383 537 103 302 611 572 670 819 359 38 257 301 507 569 650 264 402 725 340 757 542 631 291 575 662 649 416 544 586 728 747 405 614 738 783 0 525 555 962 639 286 819 666 748 364 340 510 496 726 260 335 699 139 128 369 
478 14 517 237 843 408 224 623 441 541 648 502 276 727 783 374 126 567 186 237 568 990 745 56 346 852 904 1002 742 738 854 793 492 1114 896 525 0 987 898 767 563 888 526 683 802 757 949 484 281 567 268 713 540 653 869 
561 993 645 754 367 786 1036 925 581 519 723 496 819 463 507 613 888 841 830 1177 609 165 665 1043 939 415 192 70 467 677 572 196 764 208 580 555 987 0 883 511 429 652 797 763 193 734 46 644 1074 778 875 662 463 492 243 
583 891 1051 829 516 494 744 305 614 936 1219 661 627 446 381 731 911 332 904 905 422 744 1245 935 575 468 984 949 435 238 312 764 413 822 315 962 898 883 0 381 691 240 372 226 847 1300 887 484 727 1199 1036 265 835 1032 999 
311 765 738 608 151 403 705 439 351 607 894 351 505 71 16 466 727 372 695 873 202 390 900 818 555 119 603 573 56 167 109 383 339 492 147 639 767 511 381 0 353 182 349 261 466 962 509 284 720 894 808 156 501 682 618 
155 568 386 340 339 392 609 598 161 254 541 70 396 283 364 189 475 503 425 748 283 431 555 619 530 371 395 456 300 453 461 233 399 553 497 286 563 429 691 353 0 533 447 490 262 614 396 268 651 543 504 426 148 341 380 
471 884 917 759 287 489 785 421 509 787 1074 525 614 253 174 629 866 390 843 955 327 507 1082 934 620 237 768 719 238 155 81 552 409 582 75 819 888 652 240 182 533 0 395 246 638 1144 659 410 787 1072 964 177 681 864 789 
297 520 737 473 488 123 392 153 311 649 908 390 256 357 363 406 541 59 539 562 188 715 957 565 225 467 827 847 362 240 392 621 52 828 429 666 526 797 372 349 447 395 0 160 684 1004 781 179 392 873 674 223 563 764 821 
365 677 832 603 412 275 552 183 393 725 1002 450 408 300 269 507 688 144 678 720 208 651 1035 724 383 377 828 821 296 104 264 609 191 751 295 748 683 763 226 261 490 246 160 0 685 1088 755 259 547 977 810 105 626 828 833 
411 809 458 567 360 648 870 825 423 327 554 332 658 401 470 433 698 734 640 1003 500 280 514 858 791 410 144 200 412 618 557 86 642 376 577 364 802 193 847 466 262 638 684 685 0 583 150 512 913 599 682 596 270 317 152 
723 771 270 587 909 904 948 1156 699 364 109 639 822 891 972 598 633 1063 582 994 881 861 69 794 976 953 546 692 907 1065 1069 656 952 941 1102 340 757 734 1300 962 614 1144 1004 1088 583 0 689 836 1008 197 496 1037 467 282 492 
533 956 599 715 372 763 1005 913 552 474 677 465 790 456 507 577 848 826 790 1144 593 193 620 1005 914 422 150 66 462 673 578 167 745 252 589 510 949 46 887 509 396 659 781 755 150 689 0 622 1045 732 832 656 420 446 199 
118 482 575 354 385 144 430 332 137 476 746 211 222 256 300 248 456 237 435 595 84 584 786 534 300 381 653 686 268 272 370 456 131 705 412 496 484 644 484 284 268 410 179 259 512 836 622 0 454 718 561 243 385 587 645 
514 267 748 427 837 317 60 424 493 730 899 581 255 705 736 495 383 406 426 179 522 1035 985 281 167 828 1040 1106 715 632 780 878 384 1157 819 726 281 1074 727 720 651 787 392 547 913 1008 1045 454 0 827 540 614 691 852 1016 
617 581 157 421 871 763 767 1020 585 296 96 548 664 826 907 470 447 931 401 801 778 877 209 600 812 909 609 752 843 971 1003 654 821 975 1040 260 567 778 1199 894 543 1072 873 977 599 197 732 718 827 0 302 942 399 286 555 
497 282 287 207 837 552 480 803 457 365 388 470 428 750 823 342 158 727 136 499 640 923 493 298 558 861 750 873 767 833 911 702 627 1040 952 335 268 875 1036 808 504 964 674 810 682 496 832 561 540 302 0 804 414 449 704 
326 708 791 597 307 312 610 287 360 673 956 398 438 200 164 480 698 230 678 780 167 546 980 758 447 272 738 721 195 29 169 517 233 646 206 699 713 662 265 156 426 177 223 105 596 1037 656 243 614 942 804 0 570 767 747 
267 549 242 303 473 484 640 716 252 106 393 176 448 430 511 196 431 621 371 755 418 513 410 595 599 510 364 467 447 598 608 289 511 627 644 139 540 463 835 501 148 681 563 626 270 467 420 385 691 399 414 570 0 202 330 
469 665 169 430 627 680 797 917 453 123 237 378 626 611 692 376 529 822 467 885 620 597 218 702 781 671 326 467 627 794 789 381 712 691 821 128 653 492 1032 682 341 864 764 828 317 282 446 587 852 286 449 767 202 0 274 
535 878 441 632 509 772 967 967 539 340 490 447 765 553 622 521 754 874 692 1085 642 386 424 923 907 559 54 200 564 769 708 237 776 451 728 369 869 243 999 618 380 789 821 833 152 492 199 645 1016 555 704 747 330 274 0 
88
55
41
73
93
53
43
68
37
1
77
46
23
6
17
22
90
5
98
33
71
71
5
17
12
3
74
41
90
83
95
46
84
12
43
22
74
35
15
78
44
10
86
77
38
3
53
73
71
67
9
98
38
73
