8
0 238 201 603 276 306 103 589 
238 0 422 369 293 318 163 417 
201 422 0 768 453 480 304 790 
603 369 768 0 606 621 531 441 
276 293 453 606 0 30 201 392 
306 318 480 621 30 0 231 383 
103 163 304 531 201 231 0 486 
589 417 790 441 392 383 486 0 
32
52
13
31
84
49
89
