15
0 479 468 297 365 238 478 450 40 361 637 93 260 258 327 
479 0 531 246 844 402 210 614 444 552 662 507 271 727 782 
468 531 0 322 715 635 689 889 439 140 171 394 552 669 750 
297 246 322 0 653 354 370 610 257 312 480 289 243 554 624 
365 844 715 653 0 521 815 589 403 575 855 367 603 132 144 
238 402 635 354 521 0 302 257 236 560 806 327 133 389 419 
478 210 689 370 815 302 0 446 455 675 839 540 218 685 721 
450 614 889 610 589 257 446 0 464 803 1060 543 375 467 450 
40 444 439 257 403 236 455 464 0 339 609 92 238 297 367 
361 552 140 312 575 560 675 803 339 0 287 275 503 536 617 
637 662 171 480 855 806 839 1060 609 287 0 558 718 823 904 
93 507 394 289 367 327 540 543 92 275 558 0 326 286 365 
260 271 552 243 603 133 218 375 238 503 718 326 0 477 522 
258 727 669 554 132 389 685 467 297 536 823 286 477 0 81 
327 782 750 624 144 419 721 450 367 617 904 365 522 81 0 
4
36
87
11
41
90
61
81
30
16
56
68
23
90
