70
0 340 902 919 568 570 931 998 568 566 268 497 813 449 1058 799 693 401 300 992 627 755 613 993 177 181 588 357 471 686 584 796 686 610 1015 562 596 246 712 402 421 50 356 482 411 889 1066 535 898 577 412 471 1080 962 935 466 379 121 232 282 664 89 679 256 495 298 484 336 798 434 
340 0 582 580 437 350 701 658 345 355 90 277 474 526 726 471 377 279 84 654 387 417 327 762 192 317 531 365 158 353 400 456 366 505 675 431 441 233 372 356 276 340 93 247 71 611 727 306 565 239 132 308 746 649 707 264 56 264 114 76 550 260 404 393 494 373 263 186 585 106 
902 582 0 158 540 696 374 231 406 423 636 448 297 831 473 119 477 577 656 364 675 316 305 399 727 801 667 903 537 396 766 280 217 587 266 542 500 804 252 654 757 886 624 654 513 198 366 672 387 408 598 516 459 78 381 698 532 846 695 622 582 834 268 828 730 935 455 587 382 532 
919 580 158 0 649 610 532 92 499 519 652 523 172 923 315 148 373 648 642 206 578 214 380 557 752 847 780 857 495 305 678 167 260 704 123 650 612 780 208 734 700 911 600 590 509 356 218 594 236 363 562 598 303 219 539 634 540 843 694 637 709 840 372 889 829 900 525 635 529 506 
568 437 540 649 0 769 389 741 157 135 401 180 658 302 926 501 695 176 511 822 792 624 280 448 417 397 134 781 549 625 829 632 403 71 772 6 42 633 520 174 713 527 530 673 426 417 862 726 779 522 558 129 928 560 391 697 394 587 484 400 113 548 277 372 193 767 190 270 255 498 
570 350 696 610 769 0 949 649 645 662 426 593 442 872 585 580 242 626 311 565 61 396 574 1002 501 633 876 306 222 306 70 444 532 839 648 764 763 328 445 706 158 597 263 103 343 811 651 44 457 305 218 642 619 774 955 104 380 450 380 416 880 482 645 721 844 375 580 536 858 271 
931 701 374 532 389 949 0 602 368 367 708 440 642 675 847 431 778 532 785 738 947 640 382 62 762 775 462 1066 739 693 1018 618 423 388 637 395 350 932 540 560 952 897 780 874 654 176 737 913 749 645 780 461 833 334 7 911 645 921 789 701 351 892 306 759 563 1072 455 599 134 707 
998 658 231 92 741 649 602 0 591 611 732 614 209 1014 252 240 407 739 715 153 610 264 472 622 835 933 872 914 559 354 713 216 351 795 35 742 704 846 286 825 753 992 669 641 587 428 135 639 223 431 626 689 232 273 609 685 620 918 771 717 798 918 464 978 921 961 616 723 612 577 
568 345 406 499 157 645 368 591 0 22 340 72 501 427 769 351 545 183 427 666 661 467 123 430 395 427 291 708 423 471 709 475 247 224 621 157 132 569 363 249 614 538 432 555 312 329 709 603 622 375 446 113 772 440 373 585 291 553 422 333 250 524 138 434 330 709 87 232 243 378 
566 355 423 519 135 662 367 611 22 0 346 78 523 408 791 371 566 174 436 687 679 489 145 429 395 420 269 717 440 493 725 497 268 202 642 135 111 575 385 234 627 534 444 571 326 338 730 620 644 395 460 102 793 455 371 599 303 556 428 339 229 525 155 423 310 715 93 232 238 394 
268 90 636 652 401 426 708 732 340 346 0 268 556 447 812 531 467 229 120 736 468 499 356 770 104 227 478 380 248 441 470 536 419 464 751 395 413 233 446 291 328 260 163 323 150 639 808 382 650 323 213 276 831 698 713 332 112 218 84 15 514 199 428 304 427 371 253 132 583 196 
497 277 448 523 180 593 440 614 72 78 268 0 500 402 771 377 516 129 358 674 614 459 145 502 323 363 304 639 371 450 654 474 263 251 642 177 171 497 362 211 550 469 367 499 252 394 724 551 619 342 386 77 779 491 445 525 226 481 350 261 288 452 190 381 318 637 15 161 315 322 
813 474 297 172 658 442 642 209 501 523 556 500 0 898 272 211 202 612 520 182 407 58 378 678 660 772 792 705 357 145 508 26 260 722 214 658 629 644 138 704 544 814 470 432 406 470 253 430 121 236 424 577 283 371 649 476 445 723 582 541 740 729 405 829 818 754 499 573 605 382 
449 526 831 923 302 872 675 1014 427 408 447 402 898 0 1170 775 877 286 565 1074 912 852 543 730 388 279 217 772 679 826 916 873 663 287 1042 298 344 627 761 194 766 399 610 769 556 719 1126 828 1013 708 657 325 1179 859 676 778 511 529 504 456 327 481 563 193 112 729 401 349 548 624 
1058 726 473 315 926 585 847 252 769 791 812 771 272 1170 0 441 372 884 758 109 531 320 646 870 916 1035 1060 886 587 373 633 297 523 988 219 926 895 860 409 976 725 1065 703 618 662 671 133 593 162 489 650 848 38 524 854 656 705 957 827 797 1001 970 661 1097 1089 947 770 842 839 625 
799 471 119 148 501 580 431 240 351 371 531 377 211 775 441 0 368 504 542 332 561 214 232 468 627 712 633 785 418 284 650 188 118 557 271 502 465 688 135 587 638 786 508 535 401 260 362 555 321 289 480 450 437 196 438 579 423 735 585 517 565 726 225 749 681 818 381 498 401 415 
693 377 477 373 695 242 778 407 545 566 467 516 202 877 372 368 0 596 393 330 205 162 440 824 568 694 820 522 224 85 306 206 356 765 406 692 677 488 239 688 360 705 337 249 326 620 416 235 224 174 281 585 400 555 785 290 371 588 465 453 795 604 495 768 819 579 509 529 712 271 
401 279 577 648 176 626 532 739 183 174 229 129 612 286 884 504 596 0 344 789 658 566 274 593 242 246 252 607 415 541 679 587 388 235 766 170 197 459 476 93 552 365 372 525 288 511 845 582 727 424 409 72 894 618 535 543 247 412 310 229 286 374 316 253 224 591 123 97 398 360 
300 84 656 642 511 311 785 715 427 436 120 358 520 565 758 542 393 344 0 695 358 462 411 846 191 323 595 281 171 387 351 504 442 576 727 505 518 151 434 410 208 312 57 209 144 694 772 268 599 284 113 382 781 725 791 213 140 203 74 115 624 212 488 410 547 290 343 247 668 138 
992 654 364 206 822 565 738 153 666 687 736 674 182 1074 109 332 330 789 695 0 516 237 543 763 840 954 956 852 526 308 620 205 419 883 126 822 790 810 313 881 690 994 642 579 586 562 86 564 108 415 592 751 106 419 745 620 626 897 760 721 894 906 554 1011 991 909 673 755 730 558 
627 387 675 578 792 61 947 610 661 679 468 614 407 912 531 561 205 658 358 516 0 366 580 998 549 681 903 366 244 279 104 411 525 863 606 789 784 387 427 741 218 652 306 149 370 802 602 92 409 302 255 668 565 753 954 161 411 507 429 457 902 539 647 768 879 436 602 571 864 298 
755 417 316 214 624 396 640 264 467 489 499 459 58 852 320 214 162 566 462 237 366 0 347 681 603 717 757 650 299 91 464 48 237 691 271 623 598 586 108 658 490 757 412 378 349 474 311 380 161 178 366 535 335 394 647 422 389 665 524 484 711 671 384 777 776 698 456 522 591 324 
613 327 305 380 280 574 382 472 123 145 356 145 378 543 646 232 440 274 411 543 580 347 0 441 436 498 414 688 359 362 642 352 124 344 501 280 251 560 241 355 570 591 399 494 273 284 587 536 499 280 398 218 649 353 389 530 271 573 428 344 364 554 77 524 451 700 151 285 284 325 
993 762 399 557 448 1002 62 622 430 429 770 502 678 730 870 468 824 593 846 763 998 681 441 0 824 836 514 1127 796 739 1072 656 473 443 657 454 410 993 585 621 1010 958 839 931 713 208 757 968 782 697 838 522 854 349 58 968 706 983 851 763 403 954 364 819 618 1133 517 661 195 765 
177 192 727 752 417 501 762 835 395 395 104 323 660 388 916 627 568 242 191 840 549 603 436 824 0 132 466 390 345 545 536 640 512 470 854 411 439 241 549 271 381 159 246 400 254 712 912 459 754 427 301 306 935 785 766 400 216 170 121 119 523 132 502 220 393 360 310 163 632 297 
181 317 801 847 397 633 775 933 427 420 227 363 772 279 1035 712 694 246 323 954 681 717 498 836 132 0 407 495 474 665 666 750 594 433 956 391 430 354 651 225 508 134 378 532 373 756 1021 591 873 546 433 318 1052 851 778 532 330 250 253 241 487 202 553 92 314 450 353 214 641 423 
588 531 667 780 134 876 462 872 291 269 478 304 792 217 1060 633 820 252 595 956 903 757 414 514 466 407 0 850 660 753 930 766 537 82 903 134 168 700 654 195 803 541 624 775 533 528 995 832 913 646 659 237 1062 681 462 795 496 633 556 480 111 589 408 352 110 826 311 348 341 605 
357 365 903 857 781 306 1066 914 708 717 380 639 705 772 886 785 522 607 281 852 366 650 688 1127 390 495 850 0 367 560 283 698 700 842 919 775 793 150 659 657 162 402 289 273 415 966 937 293 746 499 305 656 918 978 1072 232 421 247 297 383 893 295 765 586 783 75 624 511 949 375 
471 158 537 495 549 222 739 559 423 440 248 371 357 679 587 418 224 415 171 526 244 299 359 796 345 474 660 367 0 218 286 344 341 620 568 545 542 287 292 499 222 481 116 135 127 617 606 180 429 132 67 424 611 612 746 172 168 371 241 234 659 383 433 551 636 405 359 331 642 55 
686 353 396 305 625 306 693 354 471 493 441 450 145 826 373 284 85 541 387 308 279 91 362 739 545 665 753 560 218 0 374 139 272 694 359 623 603 503 154 634 399 692 334 287 292 535 388 289 212 120 284 522 394 474 700 331 335 589 454 426 721 599 413 732 761 609 444 483 629 252 
584 400 766 678 829 70 1018 713 709 725 470 654 508 916 633 650 306 679 351 620 104 464 642 1072 536 666 930 283 286 374 0 511 602 897 710 823 824 338 515 756 163 616 309 156 403 881 706 106 513 375 271 700 668 844 1025 138 435 463 415 462 941 500 714 756 893 356 641 586 926 332 
796 456 280 167 632 444 618 216 475 497 536 474 26 873 297 188 206 587 504 205 411 48 352 656 640 750 766 698 344 139 511 0 234 696 224 632 603 631 112 679 538 795 456 426 387 448 272 428 147 220 411 551 307 356 625 470 425 707 565 521 714 712 379 806 792 745 473 550 580 366 
686 366 217 260 403 532 423 351 247 268 419 263 260 663 523 118 356 388 442 419 525 237 124 473 512 594 537 700 341 272 602 234 0 465 379 403 372 592 129 474 563 671 415 470 298 279 463 500 381 227 396 338 525 283 430 511 315 629 478 405 480 617 147 631 575 726 265 380 358 325 
610 505 587 704 71 839 388 795 224 202 464 251 722 287 988 557 765 235 576 883 863 691 344 443 470 433 82 842 620 694 897 696 465 0 827 75 93 694 585 208 781 566 598 742 496 446 919 796 843 593 626 197 989 599 389 765 462 640 545 464 54 599 332 393 175 825 261 332 262 568 
1015 675 266 123 772 648 637 35 621 642 751 642 214 1042 219 271 406 766 727 126 606 271 501 657 854 956 903 919 568 359 710 224 379 827 0 773 735 855 305 853 758 1011 680 646 604 463 100 640 208 443 635 717 198 308 644 689 639 930 787 736 832 934 495 1003 951 968 644 747 647 589 
562 431 542 650 6 764 395 742 157 135 395 177 658 298 926 502 692 170 505 822 789 623 280 454 411 391 134 775 545 623 823 632 403 75 773 0 47 627 520 168 707 521 524 668 421 422 863 721 779 519 552 123 928 563 397 691 388 581 478 394 119 542 279 366 190 761 187 264 261 493 
596 441 500 612 42 763 350 704 132 111 413 171 629 344 895 465 677 197 518 790 784 598 251 410 439 430 168 793 542 603 824 603 372 93 735 47 0 646 492 211 717 558 534 669 422 375 827 721 750 505 556 137 896 518 352 695 394 608 497 410 118 571 240 409 235 782 183 285 216 492 
246 233 804 780 633 328 932 846 569 575 233 497 644 627 860 688 488 459 151 810 387 586 560 993 241 354 700 150 287 503 338 631 592 694 855 627 646 0 574 507 175 281 181 251 294 844 891 296 708 417 220 509 888 874 937 226 289 125 149 237 745 166 637 446 634 140 482 363 812 275 
712 372 252 208 520 445 540 286 363 385 446 362 138 761 409 135 239 476 434 313 427 108 241 585 549 651 654 659 292 154 515 112 129 585 305 520 492 574 0 568 508 706 393 403 301 381 372 420 259 160 358 439 418 330 547 447 334 635 486 431 605 632 276 701 680 697 361 445 485 299 
402 356 654 734 174 706 560 825 249 234 291 211 704 194 976 587 688 93 410 881 741 658 355 621 271 225 195 657 499 634 756 679 474 208 853 168 211 507 568 0 618 358 447 603 374 567 934 662 819 517 488 138 986 689 563 618 331 439 365 295 262 395 387 199 138 631 209 170 426 444 
421 276 757 700 713 158 952 753 614 627 328 550 544 766 725 638 360 552 208 690 218 490 570 1010 381 508 803 162 222 399 163 538 563 781 758 707 717 175 508 618 0 453 183 112 303 838 775 135 584 349 172 584 756 833 959 70 324 300 262 323 826 337 646 599 755 222 536 455 847 245 
50 340 886 911 527 597 897 992 538 534 260 469 814 399 1065 786 705 365 312 994 652 757 591 958 159 134 541 402 481 692 616 795 671 566 1011 521 558 281 706 358 453 0 369 505 408 862 1067 560 904 579 425 436 1086 943 900 493 372 158 240 275 620 116 655 206 447 345 456 309 763 440 
356 93 624 600 530 263 780 669 432 444 163 367 470 610 703 508 337 372 57 642 306 412 399 839 246 378 624 289 116 334 309 456 415 598 680 524 534 181 393 447 183 369 0 160 126 677 721 219 545 238 56 401 727 696 786 171 141 255 131 154 643 268 476 462 584 311 353 278 668 94 
482 247 654 590 673 103 874 641 555 571 323 499 432 769 618 535 249 525 209 579 149 378 494 931 400 532 775 273 135 287 156 426 470 742 646 668 669 251 403 603 112 505 160 0 247 748 664 59 473 247 116 545 648 731 881 44 280 365 280 313 785 393 568 619 741 330 486 433 777 177 
411 71 513 509 426 343 654 587 312 326 150 252 406 556 662 401 326 288 144 586 370 349 273 713 254 373 533 415 127 292 403 387 298 496 604 421 422 294 301 374 303 408 126 247 0 552 659 300 500 173 134 299 681 581 660 273 45 335 185 135 538 331 350 442 510 432 239 207 544 72 
889 611 198 356 417 811 176 428 329 338 639 394 470 719 671 260 620 511 694 562 802 474 284 208 712 756 528 966 617 535 881 448 279 446 463 422 375 844 381 567 838 862 677 748 552 0 563 779 575 506 667 440 657 169 183 789 555 857 712 628 428 835 211 761 610 984 406 553 203 594 
1066 727 366 218 862 651 737 135 709 730 808 724 253 1126 133 362 416 845 772 86 602 311 587 757 912 1021 995 937 606 388 706 272 463 919 100 863 827 891 372 934 775 1067 721 664 659 563 0 649 194 489 672 801 104 408 744 705 697 975 835 793 926 982 587 1073 1038 993 725 817 746 635 
535 306 672 594 726 44 913 639 603 620 382 551 430 828 593 555 235 582 268 564 92 380 536 968 459 591 832 293 180 289 106 428 500 796 640 721 721 296 420 662 135 560 219 59 300 779 649 0 456 273 174 599 625 750 920 70 336 416 339 372 838 447 608 678 800 357 538 492 820 229 
898 565 387 236 779 457 749 223 622 644 650 619 121 1013 162 321 224 727 599 108 409 161 499 782 754 873 913 746 429 212 513 147 381 843 208 779 750 708 259 819 584 904 545 473 500 575 194 456 0 327 493 696 182 454 756 514 543 800 666 635 861 811 526 935 937 803 617 682 722 464 
577 239 408 363 522 305 645 431 375 395 323 342 236 708 489 289 174 424 284 415 302 178 280 697 427 546 646 499 132 120 375 220 227 593 443 519 505 417 160 517 349 579 238 247 173 506 489 273 327 0 199 411 508 484 652 290 216 487 346 308 623 493 345 612 646 537 335 363 562 146 
412 132 598 562 558 218 780 626 446 460 213 386 424 657 650 480 281 409 113 592 255 366 398 838 301 433 659 305 67 284 271 411 396 626 635 552 556 220 358 488 172 425 56 116 134 667 672 174 493 199 0 429 675 673 787 139 164 307 187 202 671 323 474 516 626 339 373 318 676 73 
471 308 516 598 129 642 461 689 113 102 276 77 577 325 848 450 585 72 382 751 668 535 218 522 306 318 237 656 424 522 700 551 338 197 717 123 137 509 439 138 584 436 401 545 299 440 801 599 696 411 429 0 856 553 464 568 265 473 360 273 242 438 251 321 241 645 79 148 327 371 
1080 746 459 303 928 619 833 232 772 793 831 779 283 1179 38 437 400 894 781 106 565 335 649 854 935 1052 1062 918 611 394 668 307 525 989 198 928 896 888 418 986 756 1086 727 648 681 657 104 625 182 508 675 856 0 505 840 687 723 982 848 816 1000 993 660 1112 1097 978 779 856 832 646 
962 649 78 219 560 774 334 273 440 455 698 491 371 859 524 196 555 618 725 419 753 394 353 349 785 851 681 978 612 474 844 356 283 599 308 563 518 874 330 689 833 943 696 731 581 169 408 750 454 484 673 553 505 0 341 774 597 911 760 685 587 897 302 871 753 1007 500 638 370 604 
935 707 381 539 391 955 7 609 373 371 713 445 649 676 854 438 785 535 791 745 954 647 389 58 766 778 462 1072 746 700 1025 625 430 389 644 397 352 937 547 563 959 900 786 881 660 183 744 920 756 652 787 464 840 341 0 918 651 926 795 706 351 896 313 761 564 1077 460 603 137 714 
466 264 698 634 697 104 911 685 585 599 332 525 476 778 656 579 290 543 213 620 161 422 530 968 400 532 795 232 172 331 138 470 511 765 689 691 695 226 447 618 70 493 171 44 273 789 705 70 514 290 139 568 687 774 918 0 303 346 279 324 810 378 605 620 755 291 512 449 812 208 
379 56 532 540 394 380 645 620 291 303 112 226 445 511 705 423 371 247 140 626 411 389 271 706 216 330 496 421 168 335 435 425 315 462 639 388 394 289 334 331 324 372 141 280 45 555 697 336 543 216 164 265 723 597 651 303 0 314 163 97 507 303 348 397 468 429 212 163 530 113 
121 264 846 843 587 450 921 918 553 556 218 481 723 529 957 735 588 412 203 897 507 665 573 983 170 250 633 247 371 589 463 707 629 640 930 581 608 125 635 439 300 158 255 365 335 857 975 416 800 487 307 473 982 911 926 346 314 0 151 229 693 48 646 340 554 200 466 326 794 341 
232 114 695 694 484 380 789 771 422 428 84 350 582 504 827 585 465 310 74 760 429 524 428 851 121 253 556 297 241 454 415 565 478 545 787 478 497 149 486 365 262 240 131 280 185 712 835 339 666 346 187 360 848 760 795 279 163 151 0 89 596 147 503 341 497 287 335 214 665 202 
282 76 622 637 400 416 701 717 333 339 15 261 541 456 797 517 453 229 115 721 457 484 344 763 119 241 480 383 234 426 462 521 405 464 736 394 410 237 431 295 323 275 154 313 135 628 793 372 635 308 202 273 816 685 706 324 97 229 89 0 513 212 418 317 432 376 246 132 576 182 
664 550 582 709 113 880 351 798 250 229 514 288 740 327 1001 565 795 286 624 894 902 711 364 403 523 487 111 893 659 721 941 714 480 54 832 119 118 745 605 262 826 620 643 785 538 428 926 838 861 623 671 242 1000 587 351 810 507 693 596 513 0 652 340 445 218 877 300 382 233 609 
89 260 834 840 548 482 892 918 524 525 199 452 729 481 970 726 604 374 212 906 539 671 554 954 132 202 589 295 383 599 500 712 617 599 934 542 571 166 632 395 337 116 268 393 331 835 982 447 811 493 323 438 993 897 896 378 303 48 147 212 652 0 624 292 507 248 437 293 762 348 
679 404 268 372 277 645 306 464 138 155 428 190 405 563 661 225 495 316 488 554 647 384 77 364 502 553 408 765 433 413 714 379 147 332 495 279 240 637 276 387 646 655 476 568 350 211 587 608 526 345 474 251 660 302 313 605 348 646 503 418 340 624 0 569 464 777 200 346 218 401 
256 393 828 889 372 721 759 978 434 423 304 381 829 193 1097 749 768 253 410 1011 768 777 524 819 220 92 352 586 551 732 756 806 631 393 1003 366 409 446 701 199 599 206 462 619 442 761 1073 678 935 612 516 321 1112 871 761 620 397 340 341 317 445 292 569 0 249 540 373 256 625 499 
495 494 730 829 193 844 563 921 330 310 427 318 818 112 1089 681 819 224 547 991 879 776 451 618 393 314 110 783 636 761 893 792 575 175 951 190 235 634 680 138 755 447 584 741 510 610 1038 800 937 646 626 241 1097 753 564 755 468 554 497 432 218 507 464 249 0 751 320 308 436 581 
298 373 935 900 767 375 1072 961 709 715 371 637 754 729 947 818 579 591 290 909 436 698 700 1133 360 450 826 75 405 609 356 745 726 825 968 761 782 140 697 631 222 345 311 330 432 984 993 357 803 537 339 645 978 1007 1077 291 429 200 287 376 877 248 777 540 751 0 622 498 952 403 
484 263 455 525 190 580 455 616 87 93 253 15 499 401 770 381 509 123 343 673 602 456 151 517 310 353 311 624 359 444 641 473 265 261 644 187 183 482 361 209 536 456 353 486 239 406 725 538 617 335 373 79 779 500 460 512 212 466 335 246 300 437 200 373 320 622 0 148 330 309 
336 186 587 635 270 536 599 723 232 232 132 161 573 349 842 498 529 97 247 755 571 522 285 661 163 214 348 511 331 483 586 550 380 332 747 264 285 363 445 170 455 309 278 433 207 553 817 492 682 363 318 148 856 638 603 449 163 326 214 132 382 293 346 256 308 498 148 0 469 276 
798 585 382 529 255 858 134 612 243 238 583 315 605 548 839 401 712 398 668 730 864 591 284 195 632 641 341 949 642 629 926 580 358 262 647 261 216 812 485 426 847 763 668 777 544 203 746 820 722 562 676 327 832 370 137 812 530 794 665 576 233 762 218 625 436 952 330 469 0 604 
434 106 532 506 498 271 707 577 378 394 196 322 382 624 625 415 271 360 138 558 298 324 325 765 297 423 605 375 55 252 332 366 325 568 589 493 492 275 299 444 245 440 94 177 72 594 635 229 464 146 73 371 646 604 714 208 113 341 202 182 609 348 401 499 581 403 309 276 604 0 
44
17
69
74
79
73
85
43
1
94
26
12
79
6
13
29
93
67
27
41
98
84
75
32
65
83
36
1
34
55
14
13
76
48
27
66
20
29
38
83
91
57
48
58
74
40
61
13
71
40
53
80
73
72
66
16
87
6
89
58
62
46
20
14
65
75
66
64
36
