20
0 941 739 337 328 773 1044 473 509 642 854 749 977 241 934 800 324 32 700 560 
941 0 548 747 749 649 106 471 648 340 459 478 42 700 160 674 625 953 453 687 
739 548 0 412 761 105 635 409 793 297 145 70 588 572 670 136 562 731 752 215 
337 747 412 0 477 436 853 310 595 408 539 433 788 258 796 463 311 325 685 223 
328 749 761 477 0 833 842 367 184 543 831 740 777 219 696 867 199 358 402 660 
773 649 105 436 833 0 733 495 879 399 214 172 688 632 774 34 634 761 852 214 
1044 106 635 853 842 733 0 576 727 445 532 565 67 803 182 756 725 1056 516 786 
473 471 409 310 367 495 576 0 384 181 464 378 509 237 492 529 181 482 393 374 
509 648 793 595 184 879 727 384 0 526 831 756 667 349 563 913 284 538 236 739 
642 340 297 408 543 399 445 181 526 0 305 244 382 414 414 433 362 647 455 364 
854 459 145 539 831 214 532 464 831 305 0 106 495 664 601 230 637 850 748 359 
749 478 70 433 740 172 565 378 756 244 106 0 518 564 602 201 543 744 699 261 
977 42 588 788 777 688 67 509 667 382 495 518 0 736 147 713 658 989 464 729 
241 700 572 258 219 632 803 237 349 414 664 564 736 0 695 664 88 256 489 446 
934 160 670 796 696 774 182 492 563 414 601 602 147 695 0 803 610 951 340 778 
800 674 136 463 867 34 756 529 913 433 230 201 713 664 803 0 668 788 886 240 
324 625 562 311 199 634 725 181 284 362 637 543 658 88 610 668 0 341 402 468 
32 953 731 325 358 761 1056 482 538 647 850 744 989 256 951 788 341 0 724 548 
700 453 752 685 402 852 516 393 236 455 748 699 464 489 340 886 402 724 0 765 
560 687 215 223 660 214 786 374 739 364 359 261 729 446 778 240 468 548 765 0 
34
36
4
16
4
8
90
16
76
97
74
62
20
20
43
4
47
12
45
