15
0 692 356 25 492 434 58 772 624 279 649 151 685 533 716 
692 0 550 712 209 314 713 436 122 503 54 755 686 769 509 
356 550 0 359 353 238 328 829 439 107 532 302 883 806 825 
25 712 359 0 511 449 41 797 643 288 670 133 708 552 741 
492 209 353 511 0 117 508 509 134 295 180 546 662 679 538 
434 314 238 449 117 0 438 617 211 194 294 460 736 719 634 
58 713 328 41 508 438 0 819 637 266 673 93 743 591 768 
772 436 829 797 509 617 819 0 529 738 400 898 334 522 120 
624 122 439 643 134 211 637 529 0 405 132 668 740 788 585 
279 503 107 288 295 194 266 738 405 0 475 270 776 699 726 
649 54 532 670 180 294 673 400 132 475 0 720 637 715 466 
151 755 302 133 546 460 93 898 668 270 720 0 835 684 853 
685 686 883 708 662 736 743 334 740 776 637 835 0 232 214 
533 769 806 552 679 719 591 522 788 699 715 684 232 0 406 
716 509 825 741 538 634 768 120 585 726 466 853 214 406 0 
16
61
13
40
14
53
26
33
85
64
53
14
74
81
