10
0 479 468 297 365 238 479 450 40 361 
479 0 531 246 844 402 210 614 444 552 
468 531 0 322 715 635 689 889 439 140 
297 246 322 0 653 354 370 610 257 312 
365 844 715 653 0 521 815 589 403 575 
238 402 635 354 521 0 302 257 236 560 
479 210 689 370 815 302 0 446 455 675 
450 614 889 610 589 257 446 0 464 803 
40 444 439 257 403 236 455 464 0 339 
361 552 140 312 575 560 675 803 339 0 
69
84
18
78
46
82
13
70
92
