30
0 141 408 646 703 482 744 225 696 860 700 519 450 910 500 816 876 210 612 631 380 551 144 66 753 680 510 337 301 422 
141 0 488 779 786 623 881 312 804 1001 841 657 480 1046 635 934 1014 71 719 771 433 692 238 99 891 808 555 444 429 535 
408 488 0 432 298 451 547 183 340 715 686 396 174 685 605 492 691 518 837 660 102 542 264 470 581 416 160 123 225 153 
646 779 432 0 418 246 115 505 257 285 351 148 603 269 430 241 259 835 700 376 533 282 552 710 150 81 562 371 350 288 
703 786 298 418 0 579 505 480 172 680 761 483 372 582 769 314 623 814 1033 768 368 654 560 766 552 352 290 375 457 317 
482 623 451 246 579 0 300 426 456 381 244 105 617 461 194 484 410 690 465 209 528 91 437 538 292 320 610 338 255 307 
744 881 547 115 505 300 0 616 334 177 315 227 717 166 457 259 144 940 714 365 648 302 659 807 49 153 674 485 456 403 
225 312 183 505 480 426 616 0 493 763 669 414 252 774 529 630 759 352 723 622 168 514 81 287 638 517 296 139 173 231 
696 804 340 257 172 456 334 493 0 508 607 352 473 412 650 160 451 845 921 625 436 519 566 762 383 184 405 360 410 274 
860 1001 715 285 680 381 177 763 508 0 261 350 888 171 474 409 86 1065 693 340 814 337 795 918 135 330 847 640 593 566 
700 841 686 351 761 244 315 669 607 261 0 295 857 415 234 571 334 910 432 85 769 156 676 747 272 429 841 579 499 536 
519 657 396 148 483 105 227 414 352 350 295 0 569 393 299 381 357 718 570 286 486 171 445 580 234 217 548 300 243 243 
450 480 174 603 372 617 717 252 473 888 857 569 0 850 757 633 860 486 971 825 91 708 317 497 753 581 85 279 374 327 
910 1046 685 269 582 461 166 774 412 171 415 393 850 0 599 277 85 1104 842 485 787 448 821 973 171 269 796 638 619 551 
500 635 605 430 769 194 457 529 650 474 234 299 757 599 0 671 530 706 271 150 666 155 511 537 432 508 765 483 383 478 
816 934 492 241 314 484 259 630 160 409 571 381 633 277 671 0 336 981 941 610 592 523 696 882 308 164 565 491 517 399 
876 1014 691 259 623 410 144 759 451 86 334 357 860 85 530 336 0 1075 764 407 792 383 799 937 123 285 814 629 596 547 
210 71 518 835 814 690 940 352 845 1065 910 718 486 1104 706 981 1075 0 788 841 451 761 286 170 952 860 566 490 485 582 
612 719 837 700 1033 465 714 723 921 693 432 570 971 842 271 941 764 788 0 357 880 419 680 622 683 779 994 714 612 729 
631 771 660 376 768 209 365 622 625 340 85 286 825 485 150 610 407 841 357 0 736 119 619 675 329 457 819 546 457 515 
380 433 102 533 368 528 648 168 436 814 769 486 91 787 666 592 792 451 880 736 0 619 240 434 681 518 130 190 283 248 
551 692 542 282 654 91 302 514 519 337 156 171 708 448 155 523 383 761 419 119 619 0 520 602 278 362 700 429 345 396 
144 238 264 552 560 437 659 81 566 795 676 445 317 821 511 696 799 286 680 619 240 520 0 206 676 574 370 206 203 297 
66 99 470 710 766 538 807 287 762 918 747 580 497 973 537 882 937 170 622 675 434 602 206 0 814 746 563 403 367 488 
753 891 581 150 552 292 49 638 383 135 272 234 753 171 432 308 123 952 683 329 681 278 676 814 0 200 712 511 473 433 
680 808 416 81 352 320 153 517 184 330 429 217 581 269 508 164 285 860 779 457 518 362 574 746 200 0 530 378 380 288 
510 555 160 562 290 610 674 296 405 847 841 548 85 796 765 565 814 566 994 819 130 700 370 563 712 530 0 282 384 305 
337 444 123 371 375 338 485 139 360 640 579 300 279 638 483 491 629 490 714 546 190 429 206 403 511 378 282 0 102 92 
301 429 225 350 457 255 456 173 410 593 499 243 374 619 383 517 596 485 612 457 283 345 203 367 473 380 384 102 0 142 
422 535 153 288 317 307 403 231 274 566 536 243 327 551 478 399 547 582 729 515 248 396 297 488 433 288 305 92 142 0 
40
26
55
60
91
54
5
87
77
29
75
8
9
22
35
46
14
88
18
25
41
70
2
26
69
13
53
99
42
