12
0 699 447 337 776 710 850 456 415 848 514 607 
699 0 551 559 198 24 481 274 570 508 595 568 
447 551 0 110 503 574 444 302 692 951 76 831 
337 559 110 0 549 579 538 288 606 907 179 758 
776 198 503 549 0 217 294 320 737 703 523 758 
710 24 574 579 217 0 504 293 566 486 619 555 
850 481 444 538 294 504 0 458 941 989 418 1005 
456 274 302 288 320 293 458 0 485 653 363 576 
415 570 692 606 737 566 941 485 0 470 768 195 
848 508 951 907 703 486 989 653 470 0 1015 298 
514 595 76 179 523 619 418 363 768 1015 0 905 
607 568 831 758 758 555 1005 576 195 298 905 0 
24
2
42
67
95
72
71
30
26
72
85
