10
0 340 902 919 568 570 931 998 568 566 
340 0 582 581 437 350 701 659 345 355 
902 582 0 158 540 696 374 231 406 423 
919 581 158 0 649 611 532 92 499 520 
568 437 540 649 0 770 389 741 157 135 
570 350 696 611 770 0 949 650 645 662 
931 701 374 532 389 949 0 602 368 367 
998 659 231 92 741 650 602 0 591 612 
568 345 406 499 157 645 368 591 0 22 
566 355 423 520 135 662 367 612 22 0 
19
89
39
81
50
77
13
13
41
