20
0 141 408 646 703 482 744 225 697 860 700 519 450 910 500 816 877 210 612 631 
141 0 488 779 786 623 881 312 805 1001 841 657 480 1046 635 935 1015 71 719 771 
408 488 0 432 298 451 547 183 340 715 686 396 174 686 605 492 691 518 838 660 
646 779 432 0 418 246 115 505 257 285 351 148 603 269 430 241 259 836 700 376 
703 786 298 418 0 579 505 480 172 680 761 483 372 582 769 314 623 814 1033 768 
482 623 451 246 579 0 300 426 456 381 244 105 618 461 194 484 410 690 465 209 
744 881 547 115 505 300 0 616 334 177 315 227 717 166 457 259 144 940 714 365 
225 312 183 505 480 426 616 0 493 763 669 414 252 774 529 630 759 352 723 622 
697 805 340 257 172 456 334 493 0 508 607 352 473 412 650 160 451 845 921 625 
860 1001 715 285 680 381 177 763 508 0 261 350 888 171 474 409 86 1065 693 340 
700 841 686 351 761 244 315 669 607 261 0 295 857 415 234 571 334 910 432 85 
519 657 396 148 483 105 227 414 352 350 295 0 569 393 299 381 358 718 570 286 
450 480 174 603 372 618 717 252 473 888 857 569 0 850 757 633 860 486 971 826 
910 1046 686 269 582 461 166 774 412 171 415 393 850 0 599 277 85 1104 842 485 
500 635 605 430 769 194 457 529 650 474 234 299 757 599 0 671 530 706 271 150 
816 935 492 241 314 484 259 630 160 409 571 381 633 277 671 0 336 981 941 610 
877 1015 691 259 623 410 144 759 451 86 334 358 860 85 530 336 0 1076 764 407 
210 71 518 836 814 690 940 352 845 1065 910 718 486 1104 706 981 1076 0 788 841 
612 719 838 700 1033 465 714 723 921 693 432 570 971 842 271 941 764 788 0 357 
631 771 660 376 768 209 365 622 625 340 85 286 826 485 150 610 407 841 357 0 
70
21
17
95
2
38
10
65
100
8
70
88
9
18
79
70
75
48
27
