8
0 658 740 920 684 980 493 345 
658 0 467 689 26 534 741 323 
740 467 0 229 468 265 483 466 
920 689 229 0 687 296 554 683 
684 26 468 687 0 522 758 348 
980 534 265 296 522 0 745 668 
493 741 483 554 758 745 0 488 
345 323 466 683 348 668 488 0 
24
4
59
42
32
77
51
