10
0 633 650 786 872 258 578 925 775 326 
633 0 463 467 280 535 149 292 598 825 
650 463 0 154 714 404 575 641 150 634 
786 467 154 0 676 550 604 574 171 788 
872 280 714 676 0 810 295 159 832 1097 
258 535 404 550 810 0 545 818 520 291 
578 149 575 604 295 545 0 377 720 820 
925 292 641 574 159 818 377 0 740 1109 
775 598 150 171 832 520 720 740 0 708 
326 825 634 788 1097 291 820 1109 708 0 
75
26
37
44
15
35
1
10
74
