30
0 340 902 919 568 570 931 998 568 566 268 497 813 451 1058 799 693 401 300 992 627 756 613 993 177 181 588 357 471 686 
340 0 582 581 437 350 701 659 345 355 90 277 474 526 726 471 377 279 84 654 387 417 328 762 192 317 531 365 158 353 
902 582 0 158 540 696 374 231 406 423 636 448 297 831 473 119 477 577 656 364 675 316 305 399 727 802 667 904 537 396 
919 581 158 0 649 610 532 92 499 519 652 523 172 923 315 148 373 648 642 206 578 214 380 557 752 847 782 857 495 305 
568 437 540 649 0 770 389 741 157 135 401 180 659 302 926 501 695 176 511 822 793 624 280 448 417 398 134 781 549 625 
570 350 696 610 770 0 949 649 645 662 426 593 442 873 585 580 242 626 311 565 61 396 574 1002 501 633 876 306 222 306 
931 701 374 532 389 949 0 602 368 367 708 440 642 675 847 431 778 532 785 738 947 640 382 62 762 776 462 1066 740 693 
998 659 231 92 741 649 602 0 591 611 733 614 209 1015 252 240 407 739 715 153 610 264 472 622 835 933 873 914 559 354 
568 345 406 499 157 645 368 591 0 22 340 72 502 427 769 351 545 183 427 666 661 467 123 430 395 427 291 708 423 471 
566 355 423 519 135 662 367 611 22 0 346 78 524 408 791 371 566 174 436 688 679 489 145 429 395 420 269 717 440 493 
268 90 636 652 401 426 708 733 340 346 0 268 556 447 813 531 467 229 120 737 468 500 356 770 104 227 478 380 248 441 
497 277 448 523 180 593 440 614 72 78 268 0 501 402 772 377 516 129 358 674 614 459 145 502 323 363 304 639 371 450 
813 474 297 172 659 442 642 209 502 524 556 501 0 898 272 211 202 612 520 182 407 58 379 679 660 772 793 705 357 145 
451 526 831 923 302 873 675 1015 427 408 447 402 898 0 1170 775 877 286 565 1075 913 852 543 730 388 279 217 772 679 826 
1058 726 473 315 926 585 847 252 769 791 813 772 272 1170 0 441 372 884 758 109 531 320 646 870 917 1035 1060 886 587 373 
799 471 119 148 501 580 431 240 351 371 531 377 211 775 441 0 368 504 542 332 561 214 232 469 627 712 634 785 418 284 
693 377 477 373 695 242 778 407 545 566 467 516 202 877 372 368 0 596 393 330 205 162 440 824 568 694 820 522 224 85 
401 279 577 648 176 626 532 739 183 174 229 129 612 286 884 504 596 0 344 790 658 566 274 594 242 246 252 608 415 541 
300 84 656 642 511 311 785 715 427 436 120 358 520 565 758 542 393 344 0 695 358 462 411 846 191 323 596 281 171 387 
992 654 364 206 822 565 738 153 666 688 737 674 182 1075 109 332 330 790 695 0 516 237 543 763 841 954 956 852 526 308 
627 387 675 578 793 61 947 610 661 679 468 614 407 913 531 561 205 658 358 516 0 366 580 999 549 681 904 366 244 279 
756 417 316 214 624 396 640 264 467 489 500 459 58 852 320 214 162 566 462 237 366 0 347 681 604 717 757 650 299 91 
613 328 305 380 280 574 382 472 123 145 356 145 379 543 646 232 440 274 411 543 580 347 0 441 436 498 414 688 359 362 
993 762 399 557 448 1002 62 622 430 429 770 502 679 730 870 469 824 594 846 763 999 681 441 0 824 837 515 1127 796 739 
177 192 727 752 417 501 762 835 395 395 104 323 660 388 917 627 568 242 191 841 549 604 436 824 0 132 466 390 345 545 
181 317 802 847 398 633 776 933 427 420 227 363 772 279 1035 712 694 246 323 954 681 717 498 837 132 0 407 495 474 665 
588 531 667 782 134 876 462 873 291 269 478 304 793 217 1060 634 820 252 596 956 904 757 414 515 466 407 0 851 660 753 
357 365 904 857 781 306 1066 914 708 717 380 639 705 772 886 785 522 608 281 852 366 650 688 1127 390 495 851 0 367 560 
471 158 537 495 549 222 740 559 423 440 248 371 357 679 587 418 224 415 171 526 244 299 359 796 345 474 660 367 0 218 
686 353 396 305 625 306 693 354 471 493 441 450 145 826 373 284 85 541 387 308 279 91 362 739 545 665 753 560 218 0 
61
98
16
12
26
9
4
56
95
10
5
34
79
90
86
22
35
4
63
11
33
81
29
2
8
58
43
78
64
