10
0 141 408 646 703 482 744 225 697 860 
141 0 488 779 786 623 881 312 805 1001 
408 488 0 432 298 451 547 183 340 715 
646 779 432 0 418 246 115 505 257 285 
703 786 298 418 0 579 505 480 172 680 
482 623 451 246 579 0 300 426 456 381 
744 881 547 115 505 300 0 616 334 177 
225 312 183 505 480 426 616 0 493 763 
697 805 340 257 172 456 334 493 0 508 
860 1001 715 285 680 381 177 763 508 0 
99
16
79
29
14
22
14
44
23
