70
0 632 649 786 871 258 577 923 775 326 618 716 367 909 765 546 621 1073 896 417 947 485 430 971 780 640 504 500 643 422 806 900 889 134 786 377 504 296 900 102 402 1064 177 130 838 402 846 811 159 725 328 627 751 948 380 971 651 420 1069 613 573 382 60 673 416 508 762 734 691 604 
632 0 461 467 280 535 149 292 598 825 53 383 571 309 186 152 22 441 347 269 410 572 576 360 239 463 456 372 13 239 185 642 623 545 187 567 435 340 495 568 585 439 539 506 210 376 581 254 473 168 537 459 202 318 507 391 638 256 437 75 602 350 583 509 438 127 245 449 64 309 
649 461 0 154 714 404 575 641 150 633 408 828 333 732 399 555 477 735 797 573 428 237 285 759 700 9 808 735 459 352 603 255 241 515 631 323 790 444 284 547 315 791 683 584 524 680 198 710 544 367 780 22 663 671 286 500 195 558 732 524 199 639 637 48 746 464 324 103 509 152 
786 467 154 0 675 550 604 574 171 787 417 850 486 686 344 591 487 640 766 641 299 391 439 702 686 163 874 795 460 434 566 175 156 653 603 477 854 549 130 685 469 712 798 707 463 756 115 687 666 326 875 175 652 603 436 383 315 625 638 539 342 716 767 164 823 509 259 53 496 203 
871 280 714 675 0 810 295 159 832 1097 325 328 850 38 331 325 277 280 95 460 490 849 855 105 110 717 537 467 276 514 111 843 824 804 93 847 517 597 655 823 865 216 744 741 223 525 788 77 716 352 691 715 124 154 787 420 900 454 276 265 873 520 816 760 566 375 416 674 218 566 
258 535 404 550 810 0 545 818 519 291 501 755 115 842 612 513 533 955 859 428 756 227 175 895 741 395 613 573 542 296 720 649 639 129 717 122 604 236 673 158 150 970 354 244 713 481 599 767 218 571 495 382 706 846 122 798 393 421 951 548 315 444 264 423 527 438 585 497 599 393 
577 149 575 604 295 545 0 377 720 820 190 253 608 332 333 33 127 529 321 166 557 637 628 397 203 575 310 226 161 270 248 778 759 519 214 607 288 316 641 535 629 497 450 447 330 249 716 234 423 317 417 568 174 394 551 531 732 159 525 76 684 233 522 623 303 119 394 579 167 426 
923 292 641 574 159 818 377 0 740 1109 317 477 837 144 242 400 302 152 249 538 346 814 830 131 250 646 662 584 282 525 129 731 712 836 174 832 641 632 529 860 845 155 820 796 117 625 681 224 764 277 793 646 245 30 772 268 834 528 148 318 820 610 873 684 675 415 320 582 232 507 
775 598 150 171 832 519 720 740 0 708 545 973 428 845 503 702 615 811 919 723 467 312 369 864 830 154 958 885 594 502 721 136 132 641 754 418 940 591 276 673 401 881 825 722 625 830 108 836 683 480 927 165 794 769 397 553 179 708 809 664 236 789 769 108 896 612 420 158 638 294 
326 825 633 787 1097 291 820 1109 708 0 792 1005 304 1129 901 787 822 1246 1140 682 1029 400 348 1185 1022 624 818 801 832 586 1010 844 839 307 1004 313 816 504 916 302 318 1261 499 418 1004 702 806 1050 420 860 653 612 989 1137 364 1080 538 680 1242 832 472 673 378 634 729 722 868 735 889 666 
618 53 408 417 325 501 190 317 545 792 0 433 529 352 164 185 70 460 396 284 384 524 530 399 292 410 488 404 51 208 224 592 573 522 233 525 467 322 451 546 541 469 538 495 220 396 531 305 459 136 552 406 255 345 465 376 585 269 456 122 551 366 572 456 461 132 208 397 107 256 
716 383 828 850 328 755 253 477 973 1005 433 0 836 359 546 276 363 608 276 327 757 880 864 422 227 828 254 218 391 512 367 1025 1006 698 313 837 240 519 874 704 861 534 550 594 492 314 964 254 586 542 445 821 240 479 785 708 983 334 604 311 932 335 656 876 318 369 620 829 367 679 
367 571 333 486 850 115 608 837 428 304 529 836 0 880 613 577 573 964 910 513 726 119 63 928 794 324 713 667 576 341 753 562 554 243 757 10 703 321 615 270 35 992 468 358 725 579 517 817 330 572 607 311 758 867 65 780 285 503 960 597 207 540 378 341 630 493 571 434 634 365 
909 309 732 686 38 842 332 144 845 1129 352 359 880 0 342 363 309 249 106 498 485 875 882 67 147 735 574 504 304 546 130 851 832 838 125 876 554 631 658 858 893 179 782 779 226 563 798 113 752 366 729 734 162 132 816 411 920 491 245 299 895 558 854 778 604 409 427 687 246 586 
765 186 399 344 331 612 333 242 503 901 164 546 613 342 0 337 207 351 422 448 224 578 599 362 352 404 641 557 173 343 222 512 493 657 264 608 620 470 334 685 618 394 699 647 125 559 457 348 609 41 716 404 321 272 548 213 592 433 348 257 579 530 722 442 623 296 85 345 179 267 
546 152 555 591 325 513 33 400 702 787 185 276 577 363 337 0 130 552 354 138 561 609 598 427 236 554 304 220 164 241 272 765 746 486 242 577 283 283 636 502 599 525 422 416 345 230 702 266 391 318 397 547 206 418 521 541 707 130 548 87 657 211 491 603 288 93 393 564 181 408 
621 22 477 487 277 533 127 302 615 822 70 363 573 309 207 130 0 453 339 251 431 579 581 363 228 479 434 350 34 237 189 662 643 538 184 571 413 332 517 560 589 446 523 494 226 356 601 246 462 190 518 473 191 327 511 412 650 238 449 53 612 331 571 525 417 113 267 467 70 325 
1073 441 735 640 280 955 529 152 811 1246 460 608 964 249 351 552 453 0 347 690 362 929 950 194 386 741 809 733 430 668 281 777 760 982 322 959 788 780 567 1006 969 106 972 947 242 777 736 355 914 392 945 743 388 136 899 271 929 680 4 470 924 762 1024 773 825 566 411 660 383 617 
896 347 797 766 95 859 321 249 919 1140 396 276 910 106 422 354 339 347 0 479 585 918 920 153 118 799 512 451 345 569 200 934 915 840 166 908 493 636 750 856 926 262 755 766 318 525 879 93 744 441 683 796 153 238 848 514 979 476 344 313 947 527 838 844 554 421 507 762 290 646 
417 269 573 641 460 428 166 538 723 682 284 327 513 498 448 138 251 690 479 0 668 570 546 563 364 570 235 164 282 222 410 807 790 375 380 515 217 193 709 385 541 663 284 287 476 116 744 396 269 420 269 560 337 556 466 659 695 16 686 220 633 82 359 618 183 152 486 605 313 442 
947 410 428 299 490 756 557 346 467 1029 384 757 726 485 224 561 431 362 585 668 0 656 694 476 545 436 865 781 397 531 400 416 398 827 453 718 844 662 205 857 719 452 903 840 272 780 380 532 800 248 935 443 521 369 665 91 611 653 361 481 627 750 912 454 845 516 188 334 398 364 
485 572 237 391 849 227 637 814 312 400 524 880 119 875 578 609 579 929 918 570 656 0 57 917 807 228 786 731 574 368 745 447 441 356 757 110 774 388 521 385 89 968 572 462 697 651 407 825 429 538 701 218 770 844 115 720 166 558 925 612 88 610 491 234 708 518 521 340 631 312 
430 576 285 439 855 175 628 830 369 348 530 864 63 882 599 598 581 950 920 546 694 57 0 928 806 276 756 704 579 358 754 504 497 304 763 53 744 358 568 332 32 985 525 415 716 621 462 827 385 559 661 264 770 860 80 753 222 536 947 609 144 580 439 287 675 510 549 387 637 340 
971 360 759 702 105 895 397 131 864 1185 399 422 928 67 362 427 363 194 153 563 476 917 928 0 214 763 641 571 354 599 176 861 842 897 185 924 621 690 660 918 940 113 847 841 239 630 811 180 813 392 796 763 229 107 864 394 951 556 191 359 932 625 917 804 671 468 444 706 296 619 
780 239 700 686 110 741 203 250 830 1022 292 227 794 147 352 236 228 386 118 364 545 807 806 214 0 702 427 357 241 453 145 858 839 722 92 792 407 518 686 738 811 326 644 650 273 420 801 34 626 360 583 698 37 254 733 487 877 360 382 197 840 417 723 748 457 303 435 675 192 548 
640 463 9 163 717 395 575 646 154 624 410 828 324 735 404 554 479 741 799 570 436 228 276 763 702 0 804 732 461 348 606 262 249 506 633 314 787 438 293 538 306 796 676 577 529 676 206 712 537 371 774 13 665 676 277 508 189 555 738 525 191 635 629 49 742 463 330 112 511 154 
504 456 808 874 537 613 310 662 958 818 488 254 713 574 641 304 434 809 512 235 865 786 756 641 427 804 0 84 468 456 536 1041 1024 522 488 717 22 398 933 519 745 753 327 401 636 135 978 461 406 622 197 794 421 673 676 841 922 250 805 386 857 176 445 852 89 369 696 839 477 676 
500 372 735 795 467 573 226 584 885 801 404 218 667 504 557 220 350 733 451 164 781 731 704 571 357 732 84 0 384 386 456 963 946 497 411 669 63 346 851 499 696 683 332 384 553 99 900 391 381 538 232 723 346 597 624 757 859 179 729 302 797 130 440 781 103 287 612 761 393 599 
643 13 459 460 276 542 161 282 594 832 51 391 576 304 173 164 34 430 345 282 397 574 579 354 241 461 468 384 0 246 178 635 616 554 184 572 447 350 485 578 589 430 551 517 198 389 575 254 484 157 550 457 204 309 512 378 636 269 426 85 602 363 594 507 451 139 234 443 58 307 
422 239 352 434 514 296 270 525 502 586 208 512 341 546 343 241 237 668 569 222 531 368 358 599 453 348 456 386 246 0 424 593 576 316 421 340 439 131 521 342 360 676 378 309 426 328 530 476 269 303 441 338 417 553 282 549 477 207 664 256 421 287 382 396 394 152 343 393 303 231 
806 185 603 566 111 720 248 129 721 1010 224 367 753 130 222 272 189 281 200 410 400 745 754 176 145 606 536 456 178 424 0 734 715 727 54 749 514 520 551 748 765 258 694 677 128 496 679 132 647 241 664 604 127 146 689 342 790 401 277 194 765 481 754 649 546 298 307 563 121 456 
900 642 255 175 843 649 778 731 136 844 592 1025 562 851 512 765 662 777 934 807 416 447 504 861 858 262 1041 963 635 593 734 0 19 766 775 552 1022 696 211 798 536 859 938 839 625 920 63 859 799 498 1030 275 825 759 527 507 311 791 776 714 372 879 891 227 986 680 427 202 671 365 
889 623 241 156 824 639 759 712 132 839 573 1006 554 832 493 746 643 760 915 790 398 441 497 842 839 249 1024 946 616 576 715 19 0 755 756 544 1005 680 193 787 529 841 924 825 606 903 46 840 785 479 1014 262 806 740 517 489 310 774 758 695 368 862 878 216 969 662 408 185 652 348 
134 545 515 653 804 129 519 836 641 307 522 698 243 838 657 486 538 982 840 375 827 356 304 897 722 506 522 497 554 316 727 766 755 0 713 251 517 207 769 32 278 984 233 127 742 399 712 752 116 616 382 493 691 863 247 857 522 373 978 539 444 367 135 539 433 429 645 601 608 476 
786 187 631 603 93 717 214 174 754 1004 233 313 757 125 264 242 184 322 166 380 453 757 763 185 92 633 488 411 184 421 54 775 756 713 0 754 467 506 597 733 772 283 664 656 181 457 718 84 628 277 625 630 73 186 694 396 814 372 318 174 783 447 732 678 504 284 349 598 126 480 
377 567 323 477 847 122 607 832 418 313 525 837 10 876 608 577 571 959 908 515 718 110 53 924 792 314 717 669 572 340 749 552 544 251 754 0 707 323 605 279 28 987 475 365 720 583 507 815 337 567 613 302 756 862 60 772 275 505 955 595 197 543 386 331 634 492 564 424 630 357 
504 435 790 854 517 604 288 641 940 816 467 240 703 554 620 283 413 788 493 217 844 774 744 621 407 787 22 63 447 439 514 1022 1005 517 467 707 0 386 913 515 734 733 329 398 614 124 959 441 401 601 206 776 400 652 664 819 908 232 784 364 844 164 445 834 88 348 675 820 455 657 
296 340 444 549 597 236 316 632 591 504 322 519 321 631 470 283 332 780 636 193 662 388 358 690 518 438 398 346 350 131 520 696 680 207 506 323 386 0 645 228 350 778 251 178 542 263 635 546 139 431 336 426 485 658 278 679 528 185 776 332 460 222 252 483 321 222 474 503 402 348 
900 495 284 130 655 673 641 529 276 916 451 874 615 658 334 636 517 567 750 709 205 521 568 660 686 293 933 851 485 521 551 211 193 769 597 605 913 645 0 801 598 651 896 811 432 825 178 681 770 332 960 304 655 556 563 296 439 693 565 570 471 788 876 293 892 565 254 181 508 298 
102 568 547 685 823 158 535 860 673 302 546 704 270 858 685 502 560 1006 856 385 857 385 332 918 738 538 519 499 578 342 748 798 787 32 733 279 515 228 801 0 305 1006 217 118 766 400 744 768 118 644 369 525 707 886 278 887 551 384 1002 559 473 371 109 571 430 450 675 633 630 508 
402 585 315 469 865 150 629 845 401 318 541 861 35 893 618 599 589 969 926 541 719 89 32 940 811 306 745 696 589 360 765 536 529 278 772 28 734 350 598 305 0 1000 503 393 732 610 494 833 365 577 641 294 775 875 78 777 253 531 966 614 175 571 413 319 662 512 570 417 647 362 
1064 439 791 712 216 970 497 155 881 1261 469 534 992 179 394 525 446 106 262 663 452 968 985 113 326 796 753 683 430 676 258 859 841 984 283 987 733 778 651 1006 1000 0 947 935 271 739 814 292 905 431 905 798 338 125 927 362 985 655 105 451 973 730 1011 832 781 556 467 726 376 661 
177 539 683 798 744 354 450 820 825 499 538 550 468 782 699 422 523 972 755 284 903 572 525 847 644 676 327 332 551 378 694 938 924 233 664 475 329 251 896 217 503 947 0 110 749 237 879 677 143 664 154 663 620 840 457 912 733 293 968 502 657 228 121 717 241 412 715 750 591 599 
130 506 584 707 741 244 447 796 722 418 495 594 358 779 647 416 494 947 766 287 840 462 415 841 650 577 401 384 517 309 677 839 825 127 656 365 398 178 811 118 393 935 110 0 714 285 782 681 41 609 255 564 621 821 347 857 624 290 943 484 547 259 77 616 312 381 652 658 564 513 
838 210 524 463 223 713 330 117 625 1004 220 492 725 226 125 345 226 242 318 476 272 697 716 239 273 529 636 553 198 426 128 625 606 742 181 720 614 542 432 766 732 271 749 714 0 575 573 260 679 160 742 529 252 147 660 216 717 463 238 258 703 555 791 567 633 337 205 467 164 390 
402 376 680 756 525 481 249 625 830 702 396 314 579 563 559 230 356 777 525 116 780 651 621 630 420 676 135 99 389 328 496 920 903 399 457 583 124 263 825 400 610 739 237 285 575 0 857 454 283 532 168 665 401 641 541 767 788 132 773 317 722 42 342 723 67 266 600 718 411 555 
846 581 198 115 788 599 716 681 108 806 531 964 517 798 457 702 601 736 879 744 380 407 462 811 801 206 978 900 575 530 679 63 46 712 718 507 959 635 178 744 494 814 879 782 573 857 0 802 741 441 968 219 767 710 477 470 286 728 734 653 338 816 835 176 923 617 372 139 611 302 
811 254 710 687 77 767 234 224 836 1050 305 254 817 113 348 266 246 355 93 396 532 825 827 180 34 712 461 391 254 476 132 859 840 752 84 815 441 546 681 768 833 292 677 681 260 454 802 0 657 361 617 708 61 225 755 471 890 392 351 220 856 451 755 758 491 329 433 680 201 558 
159 473 544 666 716 218 423 764 683 420 459 586 330 752 609 391 462 914 744 269 800 429 385 813 626 537 406 381 484 269 647 799 785 116 628 337 401 139 770 118 365 905 143 41 679 283 741 657 0 570 277 524 597 789 314 818 590 269 910 455 514 253 113 577 318 349 612 617 532 472 
725 168 367 326 352 571 317 277 480 860 136 542 572 366 41 318 190 392 441 420 248 538 559 392 360 371 622 538 157 303 241 498 479 616 277 567 601 431 332 644 577 431 664 609 160 532 441 361 570 0 688 371 327 307 507 248 559 405 389 242 543 502 683 412 597 268 78 322 176 230 
328 537 780 875 691 495 417 793 927 653 552 445 607 729 716 397 518 945 683 269 935 701 661 796 583 774 197 232 550 441 664 1030 1014 382 625 613 206 336 960 369 641 905 154 255 742 168 968 617 277 688 0 762 567 809 586 927 856 283 941 484 783 187 275 819 129 420 751 833 578 672 
627 459 22 175 715 382 568 646 165 612 406 821 311 734 404 547 473 743 796 560 443 218 264 763 698 13 794 723 457 338 604 275 262 493 630 302 776 426 304 525 294 798 663 564 529 665 219 708 524 371 762 0 661 676 264 514 188 544 740 519 184 624 616 58 731 455 332 123 507 150 
751 202 663 652 124 706 174 245 794 989 255 240 758 162 321 206 191 388 153 337 521 770 770 229 37 665 421 346 204 417 127 825 806 691 73 756 400 485 655 707 775 338 620 621 252 401 767 61 597 327 567 661 0 253 697 468 840 332 384 161 803 396 695 711 443 268 403 640 156 511 
948 318 671 603 154 846 394 30 769 1137 345 479 867 132 272 418 327 136 238 556 369 844 860 107 254 676 673 597 309 553 146 759 740 863 186 862 652 658 556 886 875 125 840 821 147 641 710 225 789 307 809 676 253 0 802 287 864 547 132 339 850 627 898 714 689 440 350 612 257 537 
380 507 286 436 787 122 551 772 397 364 465 785 65 816 548 521 511 899 848 466 665 115 80 864 733 277 676 624 512 282 689 527 517 247 694 60 664 278 563 278 78 927 457 347 660 541 477 755 314 507 586 264 697 802 0 717 277 456 895 536 200 500 381 301 596 434 507 383 570 302 
971 391 500 383 420 798 531 268 553 1080 376 708 780 411 213 541 412 271 514 659 91 720 753 394 487 508 841 757 378 549 342 507 489 857 396 772 819 679 296 887 777 362 912 857 216 767 470 471 818 248 927 514 468 287 717 0 689 644 270 455 698 741 931 531 829 508 213 412 365 415 
651 638 195 315 900 393 732 834 179 538 585 983 285 920 592 707 650 929 979 695 611 166 222 951 877 189 922 859 636 477 790 311 310 522 814 275 908 528 439 551 253 985 733 624 717 788 286 890 590 559 856 188 840 864 277 689 0 681 927 692 78 746 657 158 849 614 519 278 689 334 
420 256 558 625 454 421 159 528 708 680 269 334 503 491 433 130 238 680 476 16 653 558 536 556 360 555 250 179 269 207 401 791 774 373 372 505 232 185 693 384 531 655 293 290 463 132 728 392 269 405 283 544 332 547 456 644 681 0 676 210 620 98 363 602 199 137 470 589 301 426 
1069 437 732 638 276 951 525 148 809 1242 456 604 960 245 348 548 449 4 344 686 361 925 947 191 382 738 805 729 426 664 277 776 758 978 318 955 784 776 565 1002 966 105 968 943 238 773 734 351 910 389 941 740 384 132 895 270 927 676 0 466 921 758 1020 770 821 562 408 658 379 613 
613 75 524 539 265 548 76 318 664 832 122 311 597 299 257 87 53 470 313 220 481 612 609 359 197 525 386 302 85 256 194 714 695 539 174 595 364 332 570 559 614 451 502 484 258 317 653 220 455 242 484 519 161 339 536 455 692 210 466 0 650 297 560 572 375 110 319 518 94 372 
573 602 199 342 873 315 684 820 236 472 551 932 207 895 579 657 612 924 947 633 627 88 144 932 840 191 857 797 602 421 765 372 368 444 783 197 844 460 471 473 175 973 657 547 703 722 338 856 514 543 783 184 803 850 200 698 78 620 921 650 0 681 579 178 781 565 513 297 657 313 
382 350 639 716 520 444 233 610 789 673 366 335 540 558 530 211 331 762 527 82 750 610 580 625 417 635 176 130 363 287 481 879 862 367 447 543 164 222 788 371 571 730 228 259 555 42 816 451 253 502 187 624 396 627 500 741 746 98 758 297 681 0 322 682 107 234 568 678 391 515 
60 583 637 767 816 264 522 873 769 378 572 656 378 854 722 491 571 1024 838 359 912 491 439 917 723 629 445 440 594 382 754 891 878 135 732 386 445 252 876 109 413 1011 121 77 791 342 835 755 113 683 275 616 695 898 381 931 657 363 1020 560 579 322 0 665 357 458 725 717 641 578 
673 509 48 164 760 423 623 684 108 634 456 876 341 778 442 603 525 773 844 618 454 234 287 804 748 49 852 781 507 396 649 227 216 539 678 331 834 483 293 571 319 832 717 616 567 723 176 758 577 412 819 58 711 714 301 531 158 602 770 572 178 682 665 0 789 512 365 120 557 200 
416 438 746 823 566 527 303 675 896 729 461 318 630 604 623 288 417 825 554 183 845 708 675 671 457 742 89 103 451 394 546 986 969 433 504 634 88 321 892 430 662 781 241 312 633 67 923 491 318 597 129 731 443 689 596 829 849 199 821 375 781 107 357 789 0 332 666 785 469 622 
508 127 464 509 375 438 119 415 612 722 132 369 493 409 296 93 113 566 421 152 516 518 510 468 303 463 369 287 139 152 298 680 662 429 284 492 348 222 565 450 512 556 412 381 337 266 617 329 349 268 420 455 268 440 434 508 614 137 562 110 565 234 458 512 332 0 334 478 183 319 
762 245 324 259 416 585 394 320 420 868 208 620 571 427 85 393 267 411 507 486 188 521 549 444 435 330 696 612 234 343 307 427 408 645 349 564 675 474 254 675 570 467 715 652 205 600 372 433 612 78 751 332 403 350 507 213 519 470 408 319 513 568 725 365 666 334 0 262 254 209 
734 449 103 53 674 497 579 582 158 735 397 829 434 687 345 564 467 660 762 605 334 340 387 706 675 112 839 761 443 393 563 202 185 601 598 424 820 503 181 633 417 726 750 658 467 718 139 680 617 322 833 123 640 612 383 412 278 589 658 518 297 678 717 120 785 478 262 0 484 163 
691 64 509 496 218 599 167 232 638 889 107 367 634 246 179 181 70 383 290 313 398 631 637 296 192 511 477 393 58 303 121 671 652 608 126 630 455 402 508 630 647 376 591 564 164 411 611 201 532 176 578 507 156 257 570 365 689 301 379 94 657 391 641 557 469 183 254 484 0 357 
604 309 152 203 566 393 426 507 294 666 256 679 365 586 267 408 325 617 646 442 364 312 340 619 548 154 676 599 307 231 456 365 348 476 480 357 657 348 298 508 362 661 599 513 390 555 302 558 472 230 672 150 511 537 302 415 334 426 613 372 313 515 578 200 622 319 209 163 357 0 
100
54
67
37
44
31
74
40
34
73
32
2
17
6
5
43
88
28
93
98
77
82
45
31
23
15
85
72
36
23
95
89
79
62
74
48
94
48
86
64
47
91
9
77
80
23
8
9
55
3
43
8
12
28
61
6
65
64
4
69
97
81
56
67
3
67
56
19
95
