15
0 941 739 337 328 773 1044 473 509 642 854 749 977 241 935 
941 0 548 747 749 649 106 471 648 340 459 478 42 700 160 
739 548 0 412 762 105 635 409 793 297 145 70 588 572 670 
337 747 412 0 477 436 853 310 595 408 539 433 788 258 796 
328 749 762 477 0 833 842 367 184 543 831 740 777 219 696 
773 649 105 436 833 0 733 495 879 399 214 172 688 632 774 
1044 106 635 853 842 733 0 576 727 445 532 565 67 803 182 
473 471 409 310 367 495 576 0 384 181 464 378 509 237 492 
509 648 793 595 184 879 727 384 0 526 831 756 667 349 563 
642 340 297 408 543 399 445 181 526 0 305 244 382 414 414 
854 459 145 539 831 214 532 464 831 305 0 106 495 664 601 
749 478 70 433 740 172 565 378 756 244 106 0 518 564 602 
977 42 588 788 777 688 67 509 667 382 495 518 0 736 147 
241 700 572 258 219 632 803 237 349 414 664 564 736 0 695 
935 160 670 796 696 774 182 492 563 414 601 602 147 695 0 
99
84
35
84
10
100
43
5
37
86
22
52
20
18
