30
0 699 447 337 776 710 850 456 415 848 514 607 575 760 775 710 684 949 184 662 653 590 300 725 1106 424 679 920 854 451 
699 0 551 559 198 24 481 274 570 508 595 567 363 104 197 198 467 333 557 462 353 629 439 623 409 522 603 349 548 302 
447 551 0 110 503 574 444 302 692 951 76 831 686 652 722 434 265 646 473 809 739 152 234 939 878 668 898 886 428 514 
337 559 110 0 549 579 538 288 606 906 179 758 631 652 710 479 362 707 374 750 692 256 162 870 920 587 827 874 530 460 
776 198 503 549 0 217 294 320 737 703 523 758 554 280 381 70 331 174 669 659 551 533 481 820 375 691 798 512 368 460 
710 24 574 579 217 0 504 293 566 486 619 555 352 80 173 222 491 344 564 446 337 653 456 607 402 518 588 325 572 302 
850 481 444 538 294 504 0 458 941 989 418 1005 807 573 674 284 179 311 803 923 820 385 558 1082 582 900 1053 806 79 675 
456 274 302 288 320 293 458 0 485 653 363 576 402 364 424 255 343 494 357 526 445 418 169 672 660 447 635 588 493 239 
415 570 692 606 737 566 941 485 0 470 768 195 255 571 532 695 825 898 251 282 325 841 459 310 951 48 264 627 978 277 
848 508 951 906 703 486 989 653 470 0 1015 298 281 425 325 706 955 798 665 190 214 1071 744 239 710 440 261 275 1055 446 
514 595 76 179 523 619 418 363 768 1015 0 905 755 698 775 458 242 652 548 878 805 77 309 1011 897 743 971 937 389 583 
607 567 831 758 758 555 1005 576 195 298 905 0 204 533 463 733 917 899 433 136 232 973 600 118 895 184 72 511 1055 337 
575 363 686 631 554 352 807 402 255 281 755 204 0 335 281 531 734 696 392 124 78 817 469 275 709 209 246 375 861 172 
760 104 652 652 280 80 573 364 571 425 698 533 335 0 101 296 571 379 603 412 303 733 521 570 380 523 556 245 644 327 
775 197 722 710 381 173 674 424 532 325 775 463 281 101 0 395 664 474 606 334 231 816 567 486 432 485 478 164 744 326 
710 198 434 479 70 222 284 255 695 706 458 733 531 296 395 0 282 239 610 643 537 473 413 803 444 650 777 538 350 419 
684 467 265 362 331 491 179 343 825 955 242 917 734 571 664 282 0 426 657 857 763 221 404 1008 687 790 975 816 170 580 
949 333 646 707 174 344 311 494 898 798 652 899 696 379 474 239 426 0 843 787 678 646 652 947 271 851 931 564 389 623 
184 557 473 374 669 564 803 357 251 665 548 433 392 603 606 610 657 843 0 479 470 625 255 551 966 249 505 744 824 280 
662 462 809 750 659 446 923 526 282 190 878 136 124 412 334 643 857 787 479 0 109 941 588 161 765 250 144 375 980 295 
653 353 739 692 551 337 820 445 325 214 805 232 78 303 231 537 763 678 470 109 0 863 530 270 663 282 253 302 879 232 
590 629 152 256 533 653 385 418 841 1071 77 973 817 733 816 473 221 646 625 941 863 0 382 1078 902 816 1038 977 344 647 
300 439 234 162 481 456 558 169 459 744 309 600 469 521 567 413 404 652 255 588 530 382 0 710 829 434 668 728 573 298 
725 623 939 870 820 607 1082 672 310 239 1011 118 275 570 486 803 1008 947 551 161 270 1078 710 0 910 302 46 494 1136 433 
1106 409 878 920 375 402 582 660 951 710 897 895 709 380 432 444 687 271 966 765 663 902 829 910 0 903 907 437 660 702 
424 522 668 587 691 518 900 447 48 440 743 184 209 523 485 650 790 851 249 250 282 816 434 302 903 0 256 584 940 231 
679 603 898 827 798 588 1053 635 264 261 971 72 246 556 478 777 975 931 505 144 253 1038 668 46 907 256 0 502 1107 396 
920 349 886 874 512 325 806 588 627 275 937 511 375 245 164 538 816 564 744 375 302 977 728 494 437 584 502 0 880 469 
854 548 428 530 368 572 79 493 978 1055 389 1055 861 644 744 350 170 389 824 980 879 344 573 1136 660 940 1107 880 0 721 
451 302 514 460 460 302 675 239 277 446 583 337 172 327 326 419 580 623 280 295 232 647 298 433 702 231 396 469 721 0 
91
71
71
5
74
61
63
49
4
91
14
21
33
29
85
12
20
91
17
4
40
86
42
17
64
91
2
47
4
