50
0 632 649 786 871 258 577 923 775 326 618 716 367 909 765 546 621 1073 896 417 947 485 430 971 780 641 504 501 643 422 807 900 889 134 786 377 505 296 900 102 402 1065 177 130 838 402 847 811 159 725 
632 0 462 467 280 535 149 292 598 825 53 383 571 309 186 152 22 441 347 269 410 572 576 361 239 464 456 372 13 239 185 642 623 545 187 568 435 340 495 568 585 439 539 506 210 376 581 254 473 168 
649 462 0 154 714 404 575 641 150 633 409 828 333 732 399 555 478 735 797 573 428 237 285 759 700 9 808 735 460 352 603 255 241 515 631 323 790 444 284 547 315 791 683 584 524 680 198 710 544 367 
786 467 154 0 676 550 604 574 171 787 417 850 486 686 345 591 487 640 766 642 299 391 439 702 686 163 874 795 460 435 566 175 156 653 603 477 854 549 130 685 469 712 798 707 463 756 115 687 666 326 
871 280 714 676 0 810 295 159 832 1097 325 328 850 38 331 325 277 280 95 460 490 849 855 105 110 717 537 467 276 514 111 843 824 804 93 848 517 597 655 823 865 216 744 741 223 526 789 77 716 352 
258 535 404 550 810 0 545 818 520 291 501 755 115 842 612 513 533 955 860 428 756 227 175 896 742 395 613 573 542 296 720 649 639 129 717 122 604 236 673 158 150 970 354 244 713 481 599 767 218 571 
577 149 575 604 295 545 0 377 720 820 190 253 608 332 334 33 127 529 321 166 558 637 628 397 203 575 310 226 161 270 248 778 759 519 214 607 288 316 641 535 630 497 450 447 330 249 716 234 423 317 
923 292 641 574 159 818 377 0 740 1109 317 477 838 144 242 400 302 153 249 538 346 814 830 131 250 646 662 584 282 525 129 731 712 836 174 833 641 632 529 860 845 155 820 796 117 625 681 224 764 277 
775 598 150 171 832 520 720 740 0 708 545 973 428 845 504 702 615 811 919 723 467 312 369 865 830 154 958 885 594 502 721 136 132 641 754 418 940 591 276 673 401 881 825 722 626 830 108 836 683 480 
326 825 633 787 1097 291 820 1109 708 0 792 1005 304 1129 901 787 822 1246 1140 682 1030 400 348 1185 1022 624 818 801 832 586 1010 844 839 307 1004 313 816 504 917 302 318 1261 500 418 1004 702 806 1050 420 860 
618 53 409 417 325 501 190 317 545 792 0 433 529 352 164 185 70 460 396 284 384 524 530 399 292 411 488 404 51 208 224 592 573 522 234 525 467 322 451 546 541 469 538 495 220 396 531 305 459 136 
716 383 828 850 328 755 253 477 973 1005 433 0 836 359 546 276 363 608 276 327 757 880 864 422 227 828 254 218 391 512 368 1025 1006 698 314 837 240 520 874 704 861 534 550 595 492 314 964 254 586 542 
367 571 333 486 850 115 608 838 428 304 529 836 0 880 614 577 573 965 910 513 726 119 63 928 794 324 713 667 576 341 753 562 554 243 757 10 703 321 615 270 35 992 468 358 725 579 517 817 330 573 
909 309 732 686 38 842 332 144 845 1129 352 359 880 0 342 363 309 249 106 498 485 875 882 67 147 735 574 504 304 546 130 851 832 838 125 876 554 631 658 858 893 179 782 779 226 564 798 113 752 366 
765 186 399 345 331 612 334 242 504 901 164 546 614 342 0 337 207 351 422 448 224 578 599 362 352 404 641 557 173 343 222 513 494 657 264 608 620 470 334 685 618 394 699 647 125 559 458 348 609 41 
546 152 555 591 325 513 33 400 702 787 185 276 577 363 337 0 130 553 354 138 561 609 598 427 236 554 304 220 164 241 272 765 746 486 242 577 283 283 636 502 599 525 422 416 345 230 702 266 391 318 
621 22 478 487 277 533 127 302 615 822 70 363 573 309 207 130 0 453 339 251 431 579 581 363 229 479 434 350 34 237 189 662 643 538 184 571 413 332 517 560 589 446 523 494 226 356 601 246 462 190 
1073 441 735 640 280 955 529 153 811 1246 460 608 965 249 351 553 453 0 347 691 363 929 950 194 386 741 809 733 430 668 281 777 760 982 322 959 788 780 567 1006 969 106 973 947 242 777 736 355 914 392 
896 347 797 766 95 860 321 249 919 1140 396 276 910 106 422 354 339 347 0 479 585 918 920 153 118 799 512 451 345 569 200 935 916 840 166 908 493 636 750 856 927 262 755 766 318 525 880 93 744 441 
417 269 573 642 460 428 166 538 723 682 284 327 513 498 448 138 251 691 479 0 668 570 547 563 364 570 235 164 282 222 410 807 790 375 380 515 217 193 709 385 541 663 284 287 476 116 744 396 269 420 
947 410 428 299 490 756 558 346 467 1030 384 757 726 485 224 561 431 363 585 668 0 656 694 476 545 436 865 781 397 531 400 416 398 827 453 718 844 662 205 857 719 452 904 840 272 780 380 532 800 248 
485 572 237 391 849 227 637 814 312 400 524 880 119 875 578 609 579 929 918 570 656 0 57 917 807 228 786 731 574 368 745 447 441 356 758 110 775 388 521 385 89 968 572 462 697 651 407 825 430 538 
430 576 285 439 855 175 628 830 369 348 530 864 63 882 599 598 581 950 920 547 694 57 0 928 807 276 756 705 579 358 754 504 497 304 763 53 745 359 569 332 32 985 525 415 716 621 462 827 385 559 
971 361 759 702 105 896 397 131 865 1185 399 422 928 67 362 427 363 194 153 563 476 917 928 0 214 763 641 571 354 600 176 861 842 898 185 924 621 691 660 918 940 113 847 841 239 631 811 180 813 392 
780 239 700 686 110 742 203 250 830 1022 292 227 794 147 352 236 229 386 118 364 545 807 807 214 0 702 427 357 241 453 145 858 839 722 92 793 407 518 686 738 812 326 644 650 273 420 801 34 626 360 
641 464 9 163 717 395 575 646 154 624 411 828 324 735 404 554 479 741 799 570 436 228 276 763 702 0 804 732 461 348 606 262 249 507 633 314 787 438 293 539 306 796 677 577 529 676 206 712 537 371 
504 456 808 874 537 613 310 662 958 818 488 254 713 574 641 304 434 809 512 235 865 786 756 641 427 804 0 84 468 456 536 1041 1024 522 488 717 22 398 933 519 745 753 327 401 636 135 978 461 406 622 
501 372 735 795 467 573 226 584 885 801 404 218 667 504 557 220 350 733 451 164 781 731 705 571 357 732 84 0 384 386 456 964 946 497 411 669 63 346 851 499 696 683 332 384 553 99 901 391 381 538 
643 13 460 460 276 542 161 282 594 832 51 391 576 304 173 164 34 430 345 282 397 574 579 354 241 461 468 384 0 246 178 635 616 554 184 572 447 350 485 578 589 430 551 517 198 389 575 254 484 157 
422 239 352 435 514 296 270 525 502 586 208 512 341 546 343 241 237 668 569 222 531 368 358 600 453 348 456 386 246 0 424 593 576 316 421 340 439 131 521 342 361 676 378 309 426 328 530 476 269 303 
807 185 603 566 111 720 248 129 721 1010 224 368 753 130 222 272 189 281 200 410 400 745 754 176 145 606 536 456 178 424 0 735 716 727 54 749 514 520 551 748 765 258 694 677 128 496 680 132 648 241 
900 642 255 175 843 649 778 731 136 844 592 1025 562 851 513 765 662 777 935 807 416 447 504 861 858 262 1041 964 635 593 735 0 19 766 775 552 1023 696 211 798 536 859 938 839 625 920 63 859 799 498 
889 623 241 156 824 639 759 712 132 839 573 1006 554 832 494 746 643 760 916 790 398 441 497 842 839 249 1024 946 616 576 716 19 0 755 756 544 1005 680 193 787 529 841 924 825 606 903 46 840 785 479 
134 545 515 653 804 129 519 836 641 307 522 698 243 838 657 486 538 982 840 375 827 356 304 898 722 507 522 497 554 316 727 766 755 0 713 251 517 207 769 32 278 984 233 127 742 399 713 752 116 616 
786 187 631 603 93 717 214 174 754 1004 234 314 757 125 264 242 184 322 166 380 453 758 763 185 92 633 488 411 184 421 54 775 756 713 0 755 467 506 597 733 772 283 664 656 181 457 718 84 628 277 
377 568 323 477 848 122 607 833 418 313 525 837 10 876 608 577 571 959 908 515 718 110 53 924 793 314 717 669 572 340 749 552 544 251 755 0 707 323 606 279 28 988 475 365 720 583 507 815 337 567 
505 435 790 854 517 604 288 641 940 816 467 240 703 554 620 283 413 788 493 217 844 775 745 621 407 787 22 63 447 439 514 1023 1005 517 467 707 0 387 913 515 734 733 330 398 614 124 960 441 401 601 
296 340 444 549 597 236 316 632 591 504 322 520 321 631 470 283 332 780 636 193 662 388 359 691 518 438 398 346 350 131 520 696 680 207 506 323 387 0 645 228 350 778 251 178 542 263 635 546 139 431 
900 495 284 130 655 673 641 529 276 917 451 874 615 658 334 636 517 567 750 709 205 521 569 660 686 293 933 851 485 521 551 211 193 769 597 606 913 645 0 801 599 651 896 812 432 825 178 681 771 332 
102 568 547 685 823 158 535 860 673 302 546 704 270 858 685 502 560 1006 856 385 857 385 332 918 738 539 519 499 578 342 748 798 787 32 733 279 515 228 801 0 305 1006 217 118 766 400 745 768 118 644 
402 585 315 469 865 150 630 845 401 318 541 861 35 893 618 599 589 969 927 541 719 89 32 940 812 306 745 696 589 361 765 536 529 278 772 28 734 350 599 305 0 1000 503 393 732 610 494 834 365 577 
1065 439 791 712 216 970 497 155 881 1261 469 534 992 179 394 525 446 106 262 663 452 968 985 113 326 796 753 683 430 676 258 859 841 984 283 988 733 778 651 1006 1000 0 947 935 271 739 814 292 906 431 
177 539 683 798 744 354 450 820 825 500 538 550 468 782 699 422 523 973 755 284 904 572 525 847 644 677 327 332 551 378 694 938 924 233 664 475 330 251 896 217 503 947 0 110 749 237 879 677 143 664 
130 506 584 707 741 244 447 796 722 418 495 595 358 779 647 416 494 947 766 287 840 462 415 841 650 577 401 384 517 309 677 839 825 127 656 365 398 178 812 118 393 935 110 0 714 285 782 681 41 609 
838 210 524 463 223 713 330 117 626 1004 220 492 725 226 125 345 226 242 318 476 272 697 716 239 273 529 636 553 198 426 128 625 606 742 181 720 614 542 432 766 732 271 749 714 0 575 573 260 679 160 
402 376 680 756 526 481 249 625 830 702 396 314 579 564 559 230 356 777 525 116 780 651 621 631 420 676 135 99 389 328 496 920 903 399 457 583 124 263 825 400 610 739 237 285 575 0 857 454 283 532 
847 581 198 115 789 599 716 681 108 806 531 964 517 798 458 702 601 736 880 744 380 407 462 811 801 206 978 901 575 530 680 63 46 713 718 507 960 635 178 745 494 814 879 782 573 857 0 802 741 441 
811 254 710 687 77 767 234 224 836 1050 305 254 817 113 348 266 246 355 93 396 532 825 827 180 34 712 461 391 254 476 132 859 840 752 84 815 441 546 681 768 834 292 677 681 260 454 802 0 657 361 
159 473 544 666 716 218 423 764 683 420 459 586 330 752 609 391 462 914 744 269 800 430 385 813 626 537 406 381 484 269 648 799 785 116 628 337 401 139 771 118 365 906 143 41 679 283 741 657 0 570 
725 168 367 326 352 571 317 277 480 860 136 542 573 366 41 318 190 392 441 420 248 538 559 392 360 371 622 538 157 303 241 498 479 616 277 567 601 431 332 644 577 431 664 609 160 532 441 361 570 0 
58
45
90
6
68
99
83
97
80
31
22
63
16
98
91
89
9
46
12
83
45
80
22
65
95
53
39
10
2
45
54
4
33
93
17
61
12
55
56
80
53
42
41
31
87
58
73
25
26
