8
0 692 356 25 492 434 58 772 
692 0 550 712 209 314 713 436 
356 550 0 359 353 238 328 829 
25 712 359 0 511 449 41 797 
492 209 353 511 0 117 508 509 
434 314 238 449 117 0 438 617 
58 713 328 41 508 438 0 819 
772 436 829 797 509 617 819 0 
33
2
80
75
16
7
77
