20
0 340 902 919 568 570 931 998 568 566 268 497 813 451 1058 799 693 401 300 992 
340 0 582 581 437 350 701 659 345 355 90 277 474 526 726 471 377 279 84 654 
902 582 0 158 540 696 374 231 406 423 636 448 297 831 473 119 477 577 656 364 
919 581 158 0 649 611 532 92 499 519 652 523 172 923 315 148 373 648 642 206 
568 437 540 649 0 770 389 741 157 135 401 180 659 302 926 501 695 176 511 822 
570 350 696 611 770 0 949 649 645 662 426 593 442 873 585 580 242 626 311 565 
931 701 374 532 389 949 0 602 368 367 708 440 642 675 847 431 778 532 785 738 
998 659 231 92 741 649 602 0 591 611 733 614 209 1015 252 240 407 739 715 153 
568 345 406 499 157 645 368 591 0 22 340 72 502 427 769 351 545 183 427 666 
566 355 423 519 135 662 367 611 22 0 346 78 524 408 791 371 566 174 436 688 
268 90 636 652 401 426 708 733 340 346 0 268 556 447 813 531 467 229 120 738 
497 277 448 523 180 593 440 614 72 78 268 0 501 402 772 377 516 129 358 674 
813 474 297 172 659 442 642 209 502 524 556 501 0 898 272 211 202 612 520 182 
451 526 831 923 302 873 675 1015 427 408 447 402 898 0 1170 775 877 286 565 1075 
1058 726 473 315 926 585 847 252 769 791 813 772 272 1170 0 441 372 884 758 109 
799 471 119 148 501 580 431 240 351 371 531 377 211 775 441 0 368 504 542 332 
693 377 477 373 695 242 778 407 545 566 467 516 202 877 372 368 0 596 393 330 
401 279 577 648 176 626 532 739 183 174 229 129 612 286 884 504 596 0 344 790 
300 84 656 642 511 311 785 715 427 436 120 358 520 565 758 542 393 344 0 695 
992 654 364 206 822 565 738 153 666 688 738 674 182 1075 109 332 330 790 695 0 
90
94
77
47
38
93
8
34
18
88
100
14
79
86
30
45
95
63
72
