65
0 141 408 646 703 482 744 225 696 860 700 519 450 910 500 816 875 210 612 631 380 551 144 66 753 680 510 337 301 422 315 213 304 254 398 217 831 917 745 231 796 658 240 515 268 143 574 276 890 119 823 687 644 786 588 690 266 597 933 497 769 736 342 946 688 
141 0 488 779 786 623 881 312 804 1001 841 657 479 1045 635 934 1013 71 719 771 433 692 238 99 891 807 555 444 429 535 437 99 426 242 539 85 935 1054 841 90 873 768 207 649 283 122 685 400 1031 105 964 822 778 924 710 801 407 738 1074 628 849 856 403 1084 765 
408 488 0 432 298 451 547 183 340 714 686 396 174 685 605 492 691 518 837 660 102 542 264 470 581 416 160 123 225 153 190 472 549 302 444 505 457 697 358 541 389 312 344 349 244 549 243 208 735 524 675 761 435 609 753 346 365 589 797 308 362 892 97 746 280 
646 779 432 0 418 246 115 505 257 285 350 148 603 269 430 241 259 835 700 376 533 282 552 709 150 81 562 371 350 288 349 810 552 690 335 832 357 279 356 858 498 232 721 131 639 774 224 382 303 756 247 487 6 177 576 229 407 301 368 152 465 666 513 319 451 
703 786 298 418 0 579 504 480 172 680 761 482 372 582 769 314 623 813 1033 767 368 653 560 766 551 351 290 375 457 317 425 765 787 586 621 799 203 596 100 835 101 186 628 425 528 845 215 459 687 820 646 879 423 569 925 199 596 690 757 392 68 1043 386 654 45 
482 623 451 246 579 0 300 426 456 381 244 105 617 461 194 484 410 690 465 209 528 91 437 537 292 320 610 338 255 307 279 680 316 611 98 693 581 466 549 712 675 419 630 156 574 589 364 289 413 575 346 313 241 324 349 433 216 140 451 187 640 465 493 482 598 
744 881 547 115 504 300 0 616 334 177 315 227 717 166 457 259 144 940 714 365 648 302 659 807 49 153 674 485 456 403 458 917 616 803 398 938 403 173 429 963 574 318 833 233 753 867 330 490 191 851 142 467 113 66 585 306 493 302 259 261 543 652 628 207 541 
225 312 183 505 480 426 616 0 493 762 669 414 252 774 529 630 759 352 723 622 168 514 81 287 637 517 296 139 172 231 159 315 414 189 379 343 623 784 529 375 572 459 217 386 148 366 377 137 789 341 723 707 505 670 660 492 260 564 843 355 545 807 125 823 463 
696 804 340 257 172 456 334 493 0 508 607 352 473 412 650 160 451 845 921 625 436 519 566 762 383 184 405 360 409 274 385 805 712 642 517 835 139 426 99 868 242 40 683 300 584 838 122 424 515 815 475 737 263 398 805 28 529 548 585 276 209 911 437 484 213 
860 1001 714 285 680 381 177 762 508 0 261 350 887 171 474 409 86 1065 693 340 813 337 795 917 135 330 847 639 593 565 603 1049 676 951 476 1066 560 163 600 1088 745 495 978 377 905 970 507 628 34 956 39 412 282 111 566 481 596 310 83 413 714 592 790 137 718 
700 841 686 350 761 244 315 669 607 261 0 295 857 415 234 571 334 910 432 85 769 156 675 747 272 429 841 579 499 536 523 907 458 853 304 917 704 411 706 931 846 579 869 349 817 785 550 533 293 777 248 155 344 286 305 579 439 106 294 390 812 340 736 397 789 
519 657 396 148 482 105 227 414 352 350 295 0 569 393 299 381 356 718 570 286 486 171 445 580 234 217 548 300 243 243 255 700 404 603 187 718 476 400 447 741 576 316 628 57 559 640 267 278 378 624 311 398 144 267 453 328 266 209 430 96 541 562 456 427 505 
450 479 174 603 372 617 717 252 473 887 857 569 0 850 757 633 860 486 971 825 91 708 317 497 753 581 85 279 374 327 343 430 665 244 598 467 565 862 459 505 434 454 286 523 196 572 400 347 906 547 848 923 606 780 898 486 499 757 970 482 420 1042 134 913 335 
910 1045 685 269 582 461 166 774 412 171 415 393 850 0 599 277 85 1103 842 485 787 447 820 973 171 269 796 638 619 551 617 1078 776 957 559 1100 428 14 489 1126 629 412 990 396 904 1033 450 650 153 1017 169 570 269 141 713 388 659 436 212 420 603 754 774 73 625 
500 635 605 430 769 194 457 529 650 474 234 299 757 599 0 671 530 706 271 150 666 155 511 537 432 508 765 483 383 478 416 713 227 693 161 716 775 600 743 725 867 613 702 350 670 564 556 410 508 559 449 188 424 458 156 627 270 164 522 379 832 287 625 600 785 
816 934 492 241 314 484 259 630 160 409 571 381 633 277 671 0 336 981 941 610 591 523 696 882 308 164 565 491 517 399 501 945 780 791 567 973 152 291 216 1004 352 180 829 345 734 955 253 540 406 934 383 718 247 310 817 147 613 538 475 340 327 900 589 350 359 
875 1013 691 259 623 410 144 759 451 86 334 356 860 85 530 336 0 1074 764 407 792 383 798 936 122 285 814 629 595 547 600 1055 719 946 508 1074 488 79 537 1097 681 444 976 373 897 994 467 630 72 978 86 488 257 89 635 425 618 366 139 404 651 671 772 72 664 
210 71 518 835 813 690 940 352 845 1065 910 718 486 1103 706 981 1074 0 788 841 451 761 286 170 952 860 566 490 485 582 489 59 497 242 608 24 973 1112 876 23 897 811 201 707 293 180 729 454 1094 168 1027 893 835 985 781 844 475 807 1140 684 874 927 427 1145 789 
612 719 837 700 1033 465 714 723 921 693 432 570 971 842 271 941 764 788 0 357 880 419 680 622 682 779 993 714 612 729 648 813 315 852 412 804 1046 840 1013 800 1132 884 847 621 844 614 822 630 725 620 678 289 694 704 129 898 473 412 720 647 1097 173 837 829 1045 
631 771 660 376 767 209 365 622 625 340 85 286 825 485 150 610 407 841 357 0 736 119 619 675 329 457 819 546 457 515 484 842 376 800 245 848 733 483 723 861 858 593 813 343 769 708 552 489 373 701 322 112 370 349 228 599 378 77 379 382 823 290 699 474 791 
380 433 102 533 368 528 648 168 436 813 769 486 91 787 666 591 792 451 880 736 0 619 240 434 681 518 130 190 283 248 252 399 576 218 507 435 545 799 441 472 446 411 261 442 161 511 345 256 835 486 774 832 535 710 807 445 408 668 896 403 425 951 43 848 339 
551 692 542 282 653 91 302 514 519 337 156 171 708 447 155 523 383 761 419 119 619 0 520 602 278 362 700 429 345 396 370 755 339 697 153 766 635 449 616 782 747 485 714 228 662 645 438 379 370 635 307 227 276 306 294 493 287 50 397 264 712 392 584 455 676 
144 238 264 552 560 437 659 81 566 795 675 445 317 820 511 696 798 286 680 619 240 520 0 206 676 574 370 206 203 297 203 258 365 182 374 281 698 830 607 309 653 530 194 426 165 285 447 170 823 260 756 696 551 709 629 563 243 569 874 400 626 778 200 865 544 
66 99 470 709 766 537 807 287 762 917 747 580 497 973 537 882 936 170 622 675 434 602 206 0 814 746 563 403 367 488 381 191 327 282 449 184 897 980 810 188 859 724 259 578 308 79 640 342 948 54 881 724 707 847 611 756 321 646 988 562 832 757 398 1007 750 
753 891 581 150 551 292 49 637 383 135 272 234 753 171 432 308 122 952 682 329 681 278 676 814 0 200 712 511 473 433 478 933 605 826 390 952 452 174 478 975 623 365 854 251 778 872 372 508 154 856 97 427 147 33 553 355 496 272 218 285 592 612 658 193 588 
680 807 416 81 351 320 153 517 184 330 429 217 581 269 508 164 285 860 779 457 518 362 574 746 200 0 529 378 380 288 371 830 618 695 403 855 276 281 281 883 426 165 729 183 641 815 182 407 342 795 295 568 87 219 656 156 458 382 411 187 393 747 506 332 388 
510 555 160 562 290 610 674 296 405 847 841 548 85 796 765 565 814 566 993 819 130 700 370 563 712 529 0 282 384 305 349 510 698 324 604 547 487 809 381 585 349 390 367 497 273 639 347 363 865 614 809 921 566 739 912 421 520 747 930 456 335 1052 171 861 252 
337 444 123 371 375 338 485 139 360 639 579 300 279 638 483 491 629 490 714 546 190 429 206 403 511 378 282 0 102 92 67 454 431 319 322 482 494 649 408 513 474 324 352 262 268 480 241 89 664 456 600 644 372 542 630 357 244 478 722 226 443 770 157 690 369 
301 429 225 350 457 255 456 172 409 593 499 243 374 619 383 517 595 485 612 457 283 345 203 367 473 380 384 102 0 142 36 461 333 361 224 482 548 628 474 508 558 370 385 223 320 438 287 35 621 417 554 550 350 506 528 400 143 395 673 199 525 669 244 662 457 
422 535 153 288 317 307 403 231 274 565 536 243 327 551 478 399 547 582 729 515 248 396 297 488 433 288 305 92 142 0 113 546 470 407 319 574 411 562 333 605 418 236 441 196 353 564 152 151 587 541 526 620 290 463 631 268 279 442 648 155 385 763 225 607 321 
315 437 190 349 425 279 458 159 385 603 523 255 343 617 416 501 600 489 648 484 252 370 203 381 478 371 349 67 36 113 0 461 369 348 256 484 524 627 446 512 525 347 376 227 304 455 263 39 630 433 564 580 348 511 563 378 179 419 684 197 493 703 215 665 423 
213 99 472 810 765 680 917 315 805 1049 907 700 430 1078 713 945 1055 59 813 842 399 755 258 191 933 830 510 454 461 546 461 0 514 186 603 37 929 1088 830 75 845 772 144 684 239 221 692 428 1078 204 1011 900 809 966 799 806 468 802 1126 658 824 946 379 1123 738 
304 426 549 552 787 316 616 414 712 676 458 404 665 776 227 780 719 497 315 376 576 339 365 327 605 618 698 431 333 470 369 514 0 537 219 510 849 779 791 514 888 672 534 435 530 342 596 342 709 340 646 404 548 636 285 695 191 371 735 443 855 432 533 791 790 
254 242 302 690 586 611 803 189 642 951 853 603 244 957 693 791 946 242 852 800 218 697 182 282 826 695 324 319 361 407 348 186 537 0 555 223 759 968 657 261 663 613 43 575 58 348 538 326 978 324 912 878 691 859 809 647 425 747 1032 542 643 958 205 1009 557 
398 539 444 335 621 98 398 379 517 476 304 187 598 559 161 567 508 608 412 245 507 153 374 449 390 403 604 322 224 319 256 603 219 555 0 613 650 564 606 629 720 479 568 224 525 495 412 253 508 484 442 328 330 422 312 497 135 199 543 241 685 448 467 580 633 
217 85 505 832 799 693 938 343 835 1066 917 718 467 1100 716 973 1074 24 804 848 435 766 281 184 952 855 547 482 482 574 484 37 510 223 613 0 961 1110 863 38 881 801 181 705 275 200 720 450 1095 187 1028 903 831 985 795 835 479 812 1142 680 859 941 413 1144 774 
831 935 457 357 203 581 403 623 139 560 704 476 565 428 775 152 488 973 1046 733 545 635 698 897 452 276 487 494 548 411 524 929 849 759 650 961 0 442 106 995 210 179 801 428 701 974 261 562 558 950 533 844 363 458 927 154 668 658 627 409 192 1023 554 501 247 
917 1054 697 279 596 466 173 784 426 163 411 400 862 14 600 291 79 1112 840 483 799 449 830 980 174 281 809 649 628 562 627 1088 779 968 564 1110 442 0 503 1135 643 426 1000 405 915 1040 463 660 143 1024 164 566 279 143 711 402 665 436 201 430 617 749 785 59 639 
745 841 358 356 100 549 429 529 99 600 706 447 459 489 743 216 537 876 1013 723 441 616 607 810 478 281 381 408 474 333 446 830 791 657 606 863 106 503 0 898 145 131 699 393 599 888 195 484 604 864 568 835 362 491 898 127 604 646 674 366 114 1008 453 562 145 
231 90 541 858 835 712 963 375 868 1088 931 741 505 1126 725 1004 1097 23 800 861 472 782 309 188 975 883 585 513 508 605 512 75 514 261 629 38 995 1135 898 0 918 834 219 730 313 189 752 477 1117 180 1050 912 858 1008 798 867 496 828 1162 707 896 942 449 1168 811 
796 873 389 498 101 675 574 572 242 745 846 576 434 629 867 352 681 897 1132 858 446 747 653 859 623 426 349 474 558 418 525 845 888 663 720 881 210 643 145 918 0 267 706 520 606 938 311 559 749 913 713 970 504 636 1023 270 697 781 819 488 35 1138 470 702 109 
658 768 312 232 186 419 318 459 40 495 579 316 454 412 613 180 444 811 884 593 411 485 530 724 365 165 390 324 370 236 347 772 672 613 479 801 179 426 131 834 267 0 653 263 555 800 84 386 505 777 460 705 238 384 768 34 489 516 575 238 233 877 409 482 223 
240 207 344 721 628 630 833 217 683 978 869 628 286 990 702 829 976 201 847 813 261 714 194 259 854 729 367 352 385 441 376 144 534 43 568 181 801 1000 699 219 706 653 0 603 100 319 576 350 1006 296 939 888 722 887 811 687 436 763 1058 572 686 960 247 1040 600 
515 649 349 131 425 156 233 386 300 377 349 57 523 396 350 345 373 707 621 343 442 228 426 578 251 183 497 262 223 196 227 684 435 575 224 705 428 405 393 730 520 263 603 0 528 643 210 257 403 625 338 455 129 284 505 277 277 266 460 41 485 618 415 439 448 
268 283 244 639 528 574 753 148 584 905 817 559 196 904 670 734 897 293 844 769 161 662 165 308 778 641 273 268 320 353 304 239 530 58 525 275 701 915 599 313 606 555 100 528 0 379 481 285 931 354 866 852 640 810 793 589 400 712 987 493 586 942 147 958 500 
143 122 549 774 845 589 867 366 838 970 785 640 572 1033 564 955 994 180 614 708 511 645 285 79 872 815 639 480 438 564 455 221 342 348 495 200 974 1040 888 189 938 800 319 643 379 0 716 416 1002 25 935 746 772 905 619 832 376 687 1038 629 911 760 476 1065 829 
574 685 243 224 215 364 330 377 122 507 550 267 400 450 556 253 467 729 822 552 345 438 447 640 372 182 347 241 287 152 263 692 596 538 412 720 261 463 195 752 311 84 576 210 481 716 0 302 521 693 469 664 228 396 712 116 410 475 589 177 276 828 338 514 239 
276 400 208 382 459 289 490 137 424 628 533 278 347 650 410 540 630 454 630 489 256 379 170 342 508 407 363 89 35 151 39 428 342 326 253 450 562 660 484 477 559 386 350 257 285 416 302 0 656 394 589 580 381 541 552 417 157 429 708 230 527 695 215 696 456 
890 1031 735 303 687 413 191 789 515 34 293 378 906 153 508 406 72 1094 725 373 835 370 823 948 154 342 865 664 621 587 630 1078 709 978 508 1095 558 143 604 1117 749 505 1006 403 931 1002 521 656 0 988 67 443 300 126 598 488 627 344 70 438 718 621 812 108 727 
119 105 524 756 820 575 851 341 815 956 777 624 547 1017 559 934 978 168 620 701 486 635 260 54 856 795 614 456 417 541 433 204 340 324 484 187 950 1024 864 180 913 777 296 625 354 25 693 394 988 0 921 743 754 889 621 809 361 677 1026 610 886 763 451 1049 804 
823 964 675 247 646 346 142 723 475 39 248 311 848 169 449 383 86 1027 678 322 774 307 756 881 97 295 809 600 554 526 564 1011 646 912 442 1028 533 164 568 1050 713 460 939 338 866 935 469 589 67 921 0 402 243 77 550 447 560 285 122 374 682 585 751 152 683 
687 822 761 487 879 313 467 707 737 412 155 398 923 570 188 718 488 893 289 112 832 227 696 724 427 568 921 644 550 620 580 900 404 878 328 903 844 566 835 912 970 705 888 455 852 746 664 580 443 743 402 0 481 441 172 711 453 189 432 491 935 185 794 549 903 
644 778 435 6 423 241 113 505 263 282 344 144 606 269 424 247 257 835 694 370 535 276 551 707 147 87 566 372 350 290 348 809 548 691 330 831 363 279 362 858 504 238 722 129 640 772 228 381 300 754 243 481 0 175 570 235 404 295 365 151 471 660 515 318 456 
786 924 609 177 569 324 66 670 398 111 286 267 780 141 458 310 89 985 704 349 710 306 709 847 33 219 739 542 506 463 511 966 636 859 422 985 458 143 491 1008 636 384 887 284 810 905 396 541 126 889 77 441 175 0 575 370 529 296 193 317 605 626 688 160 607 
588 710 753 576 925 349 585 660 805 566 305 453 898 713 156 817 635 781 129 228 807 294 629 611 553 656 912 630 528 631 563 799 285 809 312 795 927 711 898 798 1023 768 811 505 793 619 712 552 598 621 550 172 570 575 0 781 400 283 596 535 988 149 765 701 941 
690 801 346 229 199 433 306 492 28 481 579 328 486 388 627 147 425 844 898 599 445 493 563 756 355 156 421 357 400 268 378 806 695 647 497 835 154 402 127 867 270 34 687 277 589 832 116 417 488 809 447 711 235 370 781 0 515 522 558 256 237 885 443 459 239 
266 407 365 407 596 216 493 260 529 596 439 266 499 659 270 613 618 475 473 378 408 287 243 321 496 458 520 244 143 279 179 468 191 425 135 479 668 665 604 496 697 489 436 277 400 376 410 157 627 361 560 453 404 529 400 515 0 334 667 273 664 547 365 689 599 
597 738 589 301 690 140 302 564 548 310 106 209 757 436 164 538 366 807 412 77 668 50 569 646 272 382 747 478 395 442 419 802 371 747 199 812 658 436 646 828 781 516 763 266 712 687 475 429 344 677 285 189 295 296 283 522 334 0 364 305 746 365 633 436 714 
933 1074 797 368 757 451 259 843 585 83 294 430 970 212 522 475 139 1140 720 379 896 397 874 988 218 411 930 722 673 648 684 1126 735 1032 543 1142 627 201 674 1162 819 575 1058 460 987 1038 589 708 70 1026 122 432 365 193 596 558 667 364 0 496 788 602 873 152 797 
497 628 308 152 392 187 261 355 276 413 390 96 482 420 379 340 404 684 647 382 403 264 400 562 285 187 456 226 199 155 197 658 443 542 241 680 409 430 366 707 488 238 572 41 493 629 177 230 438 610 374 491 151 317 535 256 273 305 496 0 453 651 377 468 412 
769 849 362 465 68 640 543 545 209 714 812 541 420 603 832 327 651 874 1097 823 425 712 626 832 592 393 335 443 525 385 493 824 855 643 685 859 192 617 114 896 35 233 686 485 586 911 276 527 718 886 682 935 471 605 988 237 664 746 788 453 0 1103 447 676 86 
736 856 892 666 1043 465 652 807 911 592 340 562 1042 754 287 900 671 927 173 290 951 392 778 757 612 747 1052 770 669 763 703 946 432 958 448 941 1023 749 1008 942 1138 877 960 618 942 760 828 695 621 763 585 185 660 626 149 885 547 365 602 651 1103 0 909 729 1063 
342 403 97 513 386 493 628 125 437 790 736 456 134 774 625 589 772 427 837 699 43 584 200 398 658 506 171 157 244 225 215 379 533 205 467 413 554 785 453 449 470 409 247 415 147 476 338 215 812 451 751 794 515 688 765 443 365 633 873 377 447 909 0 831 362 
946 1084 746 319 654 482 207 823 484 137 397 427 913 73 600 350 72 1145 829 474 848 455 865 1007 193 332 861 690 662 607 665 1123 791 1009 580 1144 501 59 562 1168 702 482 1040 439 958 1065 514 696 108 1049 152 549 318 160 701 459 689 436 152 468 676 729 831 0 697 
688 765 280 451 45 598 541 463 213 718 789 505 335 625 785 359 664 789 1045 791 339 676 544 750 588 388 252 369 457 321 423 738 790 557 633 774 247 639 145 811 109 223 600 448 500 829 239 456 727 804 683 903 456 607 941 239 599 714 797 412 86 1063 362 697 0 
88
92
40
89
49
10
39
63
45
3
43
76
9
36
83
65
3
31
36
26
23
23
17
65
43
47
34
6
52
32
12
3
32
43
35
16
89
73
83
88
4
78
95
57
89
17
42
99
32
10
60
1
14
48
35
41
87
10
13
39
72
56
14
56
