12
0 633 650 786 872 258 578 925 775 326 618 716 
633 0 462 467 280 535 149 292 598 825 53 383 
650 462 0 154 714 404 575 641 150 634 409 828 
786 467 154 0 676 550 604 574 171 788 417 850 
872 280 714 676 0 810 295 159 832 1097 325 328 
258 535 404 550 810 0 545 818 520 291 501 756 
578 149 575 604 295 545 0 377 720 820 190 253 
925 292 641 574 159 818 377 0 740 1109 317 478 
775 598 150 171 832 520 720 740 0 708 545 973 
326 825 634 788 1097 291 820 1109 708 0 792 1006 
618 53 409 417 325 501 190 317 545 792 0 433 
716 383 828 850 328 756 253 478 973 1006 433 0 
49
67
84
37
13
78
100
35
49
70
82
