8
0 139 287 332 234 72 726 361 
139 0 426 256 351 75 856 299 
287 426 0 562 202 354 463 570 
332 256 562 0 566 270 903 52 
234 351 202 566 0 302 654 591 
72 75 354 270 302 0 781 303 
726 856 463 903 654 781 0 888 
361 299 570 52 591 303 888 0 
11
3
36
52
54
25
38
