35
0 941 739 337 328 773 1043 473 509 642 854 749 976 241 934 800 324 32 700 560 606 686 631 514 199 895 105 875 656 773 756 804 300 771 529 
941 0 548 747 749 649 106 471 648 340 459 478 42 700 160 674 624 953 453 687 437 788 349 685 941 112 891 334 286 169 189 139 711 246 679 
739 548 0 412 761 105 635 409 793 297 145 70 588 572 670 136 562 731 752 215 212 1017 562 248 624 603 644 771 407 487 494 453 691 309 835 
337 747 412 0 477 436 853 310 595 408 539 433 788 258 796 463 311 325 685 223 330 822 536 177 217 739 236 804 473 601 592 610 409 526 633 
328 749 761 477 0 833 841 367 184 543 831 740 776 219 696 867 199 358 402 660 565 367 401 615 480 674 369 593 500 583 561 631 71 657 201 
773 649 105 436 833 0 733 495 879 399 214 172 688 632 773 34 634 761 852 214 307 1107 662 259 634 706 672 876 509 592 599 557 762 412 921 
1043 106 635 853 841 733 0 576 727 445 532 565 67 802 182 756 725 1056 516 786 540 848 440 787 1047 171 996 364 391 270 288 245 807 345 755 
473 471 409 310 367 495 576 0 384 181 464 377 509 237 492 529 181 482 393 374 201 612 227 342 476 442 420 494 185 309 296 333 304 307 426 
509 648 793 595 184 879 727 384 0 526 831 756 667 349 563 913 284 538 236 739 582 231 307 699 644 556 538 432 450 494 472 551 215 616 42 
642 340 297 408 543 399 445 181 526 0 305 244 382 414 414 433 362 647 455 364 108 738 265 353 610 351 575 483 110 216 215 207 483 129 568 
854 459 145 539 831 214 532 464 831 305 0 106 495 664 601 230 636 850 748 359 266 1043 562 388 756 535 764 730 399 442 454 395 764 254 873 
749 478 70 433 740 172 565 377 756 244 106 0 518 564 601 201 543 744 699 261 176 976 509 285 650 534 658 708 350 422 430 385 672 240 798 
976 42 588 788 776 688 67 509 667 382 495 518 0 735 147 713 658 989 464 729 479 799 375 727 980 116 929 328 324 203 221 178 741 288 697 
241 700 572 258 219 632 802 237 349 414 664 564 735 0 695 664 88 256 489 446 400 569 394 399 306 654 215 647 417 532 515 564 151 542 383 
934 160 670 796 696 773 182 492 563 414 601 601 147 695 0 802 610 951 340 778 522 668 305 767 968 67 902 183 323 199 204 218 671 361 587 
800 674 136 463 867 34 756 529 913 433 230 201 713 664 802 0 668 788 886 240 341 1141 696 286 658 735 699 907 543 623 630 586 796 441 955 
324 624 562 311 199 634 725 181 284 362 636 543 658 88 610 668 0 341 402 468 370 513 307 424 392 572 303 559 347 455 437 492 129 486 322 
32 953 731 325 358 761 1056 482 538 647 850 744 989 256 951 788 341 0 724 548 606 718 648 502 171 910 89 896 667 787 770 815 326 776 559 
700 453 752 685 402 852 516 393 236 455 748 699 464 489 340 886 402 724 0 765 546 335 190 735 794 348 702 196 350 332 312 391 403 500 253 
560 687 215 223 660 214 786 374 739 364 359 261 729 446 778 240 468 548 765 0 256 970 585 47 420 713 459 836 465 580 578 565 589 441 781 
606 437 212 330 565 307 540 201 582 108 266 176 479 400 522 341 370 606 546 256 0 805 357 248 543 457 526 589 215 324 323 310 498 199 624 
686 788 1017 822 367 1107 848 612 231 738 1043 976 799 569 668 1141 513 718 335 970 805 0 489 930 847 683 736 497 648 661 640 720 422 812 191 
631 349 562 536 401 662 440 227 307 265 562 509 375 394 305 696 307 648 190 585 357 489 0 559 681 274 605 268 163 188 166 244 369 323 343 
514 685 248 177 615 259 787 342 699 353 388 285 727 399 767 286 424 502 735 47 248 930 559 0 379 704 413 816 449 568 565 558 544 442 740 
199 941 624 217 480 634 1047 476 644 610 756 650 980 306 968 658 392 171 794 420 543 847 681 379 0 918 112 945 657 785 772 802 430 733 672 
895 112 603 739 674 706 171 442 556 351 535 534 116 654 67 735 572 910 348 713 457 683 274 704 918 0 857 222 266 138 147 151 643 294 584 
105 891 644 236 369 672 996 420 538 575 764 658 929 215 902 699 303 89 702 459 526 736 605 413 112 857 0 862 605 729 714 753 323 703 564 
875 334 771 804 593 876 364 494 432 483 730 708 328 647 183 907 559 896 196 836 589 497 268 816 945 222 862 0 374 288 278 335 586 476 448 
656 286 407 473 500 509 391 185 450 110 399 350 324 417 323 543 347 667 350 465 215 648 163 449 657 266 605 374 0 128 119 148 449 166 490 
773 169 487 601 583 592 270 309 494 216 442 422 203 532 199 623 455 787 332 580 324 661 188 568 785 138 729 288 128 0 22 59 542 188 530 
756 189 494 592 561 599 288 296 472 215 454 430 221 515 204 630 437 770 312 578 323 640 166 565 772 147 714 278 119 22 0 80 522 200 508 
804 139 453 610 631 557 245 333 551 207 395 385 178 564 218 586 492 815 391 565 310 720 244 558 802 151 753 335 148 59 80 0 586 145 587 
300 711 691 409 71 762 807 304 215 483 764 672 741 151 671 796 129 326 403 589 498 422 369 544 430 643 323 586 449 542 522 586 0 601 242 
771 246 309 526 657 412 345 307 616 129 254 240 288 542 361 441 486 776 500 441 199 812 323 442 733 294 703 476 166 188 200 145 601 0 656 
529 679 835 633 201 921 755 426 42 568 873 798 697 383 587 955 322 559 253 781 624 191 343 740 672 584 564 448 490 530 508 587 242 656 0 
40
93
12
15
86
32
33
48
91
28
32
91
20
26
78
69
57
73
81
18
81
32
79
79
97
19
73
39
38
72
96
10
3
54
