25
0 141 408 646 703 482 744 225 697 860 700 519 450 910 500 816 876 210 612 631 380 551 144 66 753 
141 0 488 779 786 623 881 312 804 1001 841 657 480 1046 635 934 1014 71 719 771 433 692 238 99 891 
408 488 0 432 298 451 547 183 340 715 686 396 174 686 605 492 691 518 838 660 102 542 264 470 581 
646 779 432 0 418 246 115 505 257 285 351 148 603 269 430 241 259 836 700 376 533 282 552 710 150 
703 786 298 418 0 579 505 480 172 680 761 483 372 582 769 314 623 814 1033 768 368 654 560 766 553 
482 623 451 246 579 0 300 426 456 381 244 105 618 461 194 484 410 690 465 209 529 91 437 538 292 
744 881 547 115 505 300 0 616 334 177 315 227 717 166 457 259 144 940 714 365 648 302 660 807 49 
225 312 183 505 480 426 616 0 493 763 669 414 252 774 529 630 759 352 723 622 168 514 81 287 638 
697 804 340 257 172 456 334 493 0 508 607 352 473 412 650 160 451 845 921 625 436 519 566 763 383 
860 1001 715 285 680 381 177 763 508 0 261 350 888 171 474 409 86 1065 693 340 814 337 795 918 135 
700 841 686 351 761 244 315 669 607 261 0 295 857 415 234 571 334 910 432 85 770 156 676 747 272 
519 657 396 148 483 105 227 414 352 350 295 0 569 393 299 381 357 718 570 286 486 171 445 580 234 
450 480 174 603 372 618 717 252 473 888 857 569 0 850 757 633 860 486 971 826 91 709 317 497 753 
910 1046 686 269 582 461 166 774 412 171 415 393 850 0 599 277 85 1104 842 485 788 448 821 973 171 
500 635 605 430 769 194 457 529 650 474 234 299 757 599 0 671 530 706 271 150 666 155 511 537 432 
816 934 492 241 314 484 259 630 160 409 571 381 633 277 671 0 336 981 941 610 592 523 696 882 308 
876 1014 691 259 623 410 144 759 451 86 334 357 860 85 530 336 0 1075 764 407 792 383 800 937 123 
210 71 518 836 814 690 940 352 845 1065 910 718 486 1104 706 981 1075 0 788 841 451 761 286 170 952 
612 719 838 700 1033 465 714 723 921 693 432 570 971 842 271 941 764 788 0 357 880 419 680 622 683 
631 771 660 376 768 209 365 622 625 340 85 286 826 485 150 610 407 841 357 0 736 119 619 675 329 
380 433 102 533 368 529 648 168 436 814 770 486 91 788 666 592 792 451 880 736 0 620 240 434 681 
551 692 542 282 654 91 302 514 519 337 156 171 709 448 155 523 383 761 419 119 620 0 520 602 278 
144 238 264 552 560 437 660 81 566 795 676 445 317 821 511 696 800 286 680 619 240 520 0 206 677 
66 99 470 710 766 538 807 287 763 918 747 580 497 973 537 882 937 170 622 675 434 602 206 0 814 
753 891 581 150 553 292 49 638 383 135 272 234 753 171 432 308 123 952 683 329 681 278 677 814 0 
5
73
86
27
96
46
58
76
38
18
23
98
9
20
57
58
44
68
72
96
58
19
72
34
