20
0 238 201 603 276 306 103 589 176 683 430 488 439 454 690 363 183 480 121 597 
238 0 422 369 293 318 163 417 283 747 374 706 248 309 516 317 254 243 179 423 
201 422 0 768 453 480 304 790 337 583 469 429 572 653 788 411 360 664 320 798 
603 369 768 0 606 621 531 441 638 891 477 1073 227 449 319 469 603 162 543 440 
276 293 453 606 0 30 200 392 117 953 642 525 538 253 806 577 94 446 169 401 
306 318 480 621 30 0 230 383 143 983 671 531 562 247 830 607 123 460 199 392 
103 163 304 531 200 230 0 486 137 754 450 543 397 351 662 383 122 395 31 494 
589 417 790 441 392 383 486 0 495 1159 761 914 538 141 748 716 458 313 471 9 
176 283 337 638 117 143 137 495 0 859 584 445 528 354 795 517 38 488 109 504 
683 747 583 891 953 983 754 1159 859 0 418 986 673 1055 685 447 864 894 784 1164 
430 374 469 477 642 671 450 761 584 418 0 886 255 675 345 67 572 478 481 765 
488 706 429 1073 525 531 543 914 445 986 886 0 927 778 1177 823 483 931 530 923 
439 248 572 227 538 562 397 538 528 673 255 927 0 482 268 242 501 233 420 540 
454 309 653 449 253 247 351 141 354 1055 675 778 482 0 724 623 317 293 333 150 
690 516 788 319 806 830 662 748 795 685 345 1177 268 724 0 385 769 437 686 747 
363 317 411 469 577 607 383 716 517 447 67 823 242 623 385 0 505 448 414 721 
183 254 360 603 94 123 122 458 38 864 572 483 501 317 769 505 0 451 91 467 
480 243 664 162 446 460 395 313 488 894 478 931 233 293 437 448 451 0 402 314 
121 179 320 543 169 199 31 471 109 784 481 530 420 333 686 414 91 402 0 479 
597 423 798 440 401 392 494 9 504 1164 765 923 540 150 747 721 467 314 479 0 
36
16
9
32
83
84
86
99
70
52
54
5
43
77
82
90
73
8
22
